StonePlantMound3,5117,5126,6162,6173
MesoMazePath,5123,5125,6190,6192
MesoMazePath,5120,5122,6187,6189
MesoMazePath,5123,5125,6190,6192
MesoMazePath,5123,5125,6187,6189
MesoMazePath,5123,5125,6184,6186
MesoMazePath,5123,5125,6181,6183
MesoMazePath,5126,5128,6190,6192
MesoMazeStairCorridor,5126,5128,6193,6198
MesoMazeStairCorridor,5123,5125,6193,6198
MesoMazePath,5123,5125,6199,6201
MesoMazePath,5126,5128,6199,6201
MesoMazePath,5129,5131,6199,6201
MesoMazeCorridorCollapse,5120,5125,6196,6198
MesoMazeGrowth,5123,5128,6172,6177
MesoMazeStairCorridor,5120,5125,6190,6192
MesoMazePath,5120,5122,6199,6201
MesoMazeStairCorridor,5120,5125,6184,6186
MesoMazeStairCorridor,5123,5128,6199,6201
MesoMazeSpiderTurn,5126,5131,6190,6195
MesoMazePath,5126,5128,6196,6198
MesoMazeStairCorridor,5120,5125,6193,6195
MesoMazeStairCorridor,5129,5134,6172,6174
MesoMazePath,5135,5137,6172,6174
MesoMazeStorage,5126,5131,6181,6186
MesoMazePath,5129,5131,6187,6189
MesoMazeStorage,5129,5134,6196,6201
MesoMazeGrowth,5132,5137,6190,6195
MesoMazePath,5129,5131,6196,6198
MesoMazeGrowth,5132,5137,6184,6189
MesoMazePath,5126,5128,6187,6189
MesoMazePath,5120,5122,6181,6183
MesoMazePath,5135,5137,6175,6177
MesoMazePath,5120,5122,6178,6180
MesoMazePath,5132,5134,6187,6189
MesoMazePath,5132,5134,6184,6186
MesoMazePath,5126,5128,6196,6198
MesoMazeStairCorridor,5123,5128,6178,6180
MesoMazeStorage,5129,5134,6178,6183
MesoMazeGrowth,5126,5131,6190,6195
MesoMazePath,5135,5137,6178,6180
MesoMazePath,5132,5134,6181,6183
MesoMazePath,5126,5128,6187,6189
MesoMazePath,5135,5137,6181,6183
MesoMazePath,5123,5125,6187,6189
MesoMazePath,5129,5131,6178,6180
MesoMazePath,5120,5122,6199,6201
MesoMazePath,5129,5131,6175,6177
MesoMazePath,5120,5122,6202,6204
MesoMazePath,5132,5134,6178,6180
MesoMazePath,5120,5122,6175,6177
MesoMazePath,5120,5122,6187,6189
MesoMazePath,5123,5125,6175,6177
MesoMazePath,5132,5134,6175,6177
MesoMazeSpiderTurn,5126,5131,6175,6180
MesoMazeCorridorCollapse,5126,5128,6181,6186
MesoMazePath,5126,5128,6178,6180
MesoMazeStorage,5126,5131,6187,6192
MesoMazePath,5123,5125,6190,6192
MesoMazePath,5123,5125,6178,6180
MesoMazePath,5123,5125,6181,6183
MesoMazePath,5126,5128,6187,6189
MesoMazePath,5123,5125,6181,6183
MesoMazePath,5120,5122,6181,6183
MesoMazePath,5129,5131,6181,6183
MesoMazePath,5129,5131,6184,6186
MesoMazePath,5129,5131,6184,6186
MesoMazePath,5135,5137,6169,6171
MesoMazePath,5126,5128,6184,6186
MesoMazePath,5126,5128,6181,6183
MesoMazePath,5123,5125,6187,6189
MesoMazeGrowth,5120,5125,6178,6183
MesoMazePath,5120,5122,6187,6189
MesoMazeGrowth,5120,5125,6184,6189
MesoMazePath,5132,5134,6169,6171
MesoMazePath,5123,5125,6181,6183
MesoMazePath,5120,5122,6190,6192
MesoMazePath,5129,5131,6169,6171
MesoMazePath,5123,5125,6184,6186
MesoMazePath,5129,5131,6187,6189
MesoMazePath,5120,5122,6193,6195
MesoMazePath,5120,5122,6184,6186
MesoMazePath,5120,5122,6181,6183
MesoMazePath,5120,5122,6178,6180
RLCraft_DecentSpider,5131,5131,6365,6365
RLCraft_UndergroundRuin3,5126,5134,6359,6367
