StonePlantBoulder,1546,1556,3572,3582
ShrineSmallFire,1533,1543,3408,3418
RLCraft_DecentZombie,1605,1605,3275,3275
RLCraft_UndergroundRuin3,1602,1610,3269,3277
StonePlantMound1,1567,1573,3262,3268
RLCraft_UndergroundFarm,1559,1601,3252,3295
MesoMazePath,1638,1640,3434,3436
MesoMazeStairCorridor,1638,1640,3428,3433
MesoMazeStairTurn,1635,1640,3437,3442
MesoMazeStairTurn,1647,1652,3431,3436
MesoMazeGrowth,1641,1646,3437,3442
MesoMazePath,1638,1640,3425,3427
MesoMazeSpiderTurn,1644,1649,3425,3430
MesoMazePath,1647,1649,3440,3442
MesoMazeGrowth,1650,1655,3422,3427
MesoMazeStairTurn,1656,1661,3422,3427
MesoMazeStairTurn,1650,1655,3440,3445
MesoMazePath,1644,1646,3431,3433
MesoMazeStairCorridor,1635,1637,3443,3448
MesoMazeStairTurn,1635,1640,3419,3424
MesoMazePath,1641,1643,3422,3424
MesoMazeStairCorridor,1653,1655,3446,3451
MesoMazeStorage,1653,1658,3452,3457
MesoMazeStairCorridor,1647,1649,3443,3448
MesoMazeStorage,1659,1664,3428,3433
MesoMazeCorridorCollapse,1647,1652,3455,3457
MesoMazePath,1647,1649,3437,3439
MesoMazePath,1662,1664,3425,3427
MesoMazeGrowth,1641,1646,3452,3457
MesoMazeStorage,1662,1667,3428,3433
MesoMazePath,1665,1667,3425,3427
MesoMazeCorridorCollapse,1632,1637,3425,3427
MesoMazeStairTurn,1629,1634,3416,3421
MesoMazePath,1638,1640,3425,3427
MesoMazePath,1641,1643,3425,3427
MesoMazePath,1653,1655,3434,3436
MesoMazePath,1653,1655,3455,3457
MesoMazePath,1641,1643,3419,3421
MesoMazePath,1641,1643,3428,3430
MesoMazePath,1641,1643,3425,3427
MesoMazePath,1644,1646,3425,3427
MesoMazeSpiderTurn,1647,1652,3422,3427
MesoMazeGrowth,1662,1667,3422,3427
MesoMazeSpiderTurn,1626,1631,3410,3415
MesoMazeZombieTable,1644,1649,3416,3421
MesoMazePath,1650,1652,3428,3430
MesoMazePath,1644,1646,3428,3430
MesoMazePath,1623,1625,3410,3412
MesoMazePath,1638,1640,3452,3454
MesoMazeCorridorCollapse,1650,1655,3437,3439
MesoMazePath,1650,1652,3428,3430
MesoMazeStairCorridor,1638,1643,3416,3418
MesoMazePath,1641,1643,3431,3433
MesoMazePath,1653,1655,3428,3430
MesoMazePath,1653,1655,3428,3430
MesoMazeCorridorCollapse,1656,1661,3437,3439
MesoMazeStairCorridor,1656,1661,3443,3445
MesoMazePath,1662,1664,3422,3424
MesoMazePath,1644,1646,3422,3424
MesoMazePath,1656,1658,3434,3436
MesoMazeStorage,1653,1658,3431,3436
MesoMazePath,1641,1643,3434,3436
MesoMazePath,1641,1643,3428,3430
MesoMazePath,1656,1658,3431,3433
MesoMazePath,1656,1658,3428,3430
MesoMazePath,1635,1637,3452,3454
MesoMazePath,1635,1637,3449,3451
MesoMazePath,1662,1664,3443,3445
MesoMazeSpiderTurn,1626,1631,3425,3430
MesoMazeStairTurn,1638,1643,3446,3451
MesoMazeSpiderTurn,1662,1667,3416,3421
MesoMazePath,1635,1637,3455,3457
MesoMazePath,1647,1649,3428,3430
MesoMazePath,1638,1640,3455,3457
MesoMazePath,1638,1640,3434,3436
MesoMazePath,1638,1640,3452,3454
MesoMazeSpiderTurn,1632,1637,3428,3433
MesoMazePath,1650,1652,3452,3454
MesoMazePath,1635,1637,3416,3418
MesoMazeCorridorCollapse,1656,1661,3419,3421
MesoMazeZombieTable,1623,1628,3416,3421
MesoMazePath,1638,1640,3455,3457
MesoMazeStairCorridor,1656,1661,3416,3418
MesoMazePath,1644,1646,3455,3457
MesoMazeStairTurn,1629,1634,3449,3454
MesoMazeGrowth,1644,1649,3437,3442
MesoMazePath,1629,1631,3431,3433
MesoMazePath,1665,1667,3443,3445
MesoMazePath,1653,1655,3419,3421
MesoMazeStorage,1650,1655,3413,3418
MesoMazeStairCorridor,1632,1634,3434,3439
MesoMazePath,1635,1637,3449,3451
MesoMazePath,1662,1664,3437,3439
MesoMazePath,1653,1655,3431,3433
MesoMazePath,1665,1667,3419,3421
MesoMazePath,1662,1664,3419,3421
MesoMazePath,1635,1637,3452,3454
MesoMazePath,1659,1661,3431,3433
MesoMazePath,1629,1631,3425,3427
MesoMazeCorridorCollapse,1665,1667,3446,3451
MesoMazePath,1659,1661,3428,3430
MesoMazeSpiderTurn,1656,1661,3446,3451
MesoMazeStorage,1644,1649,3449,3454
MesoMazePath,1665,1667,3443,3445
MesoMazePath,1650,1652,3449,3451
MesoMazePath,1623,1625,3413,3415
MesoMazePath,1656,1658,3428,3430
MesoMazeStairCorridor,1656,1661,3413,3415
MesoMazePath,1641,1643,3443,3445
MesoMazePath,1629,1631,3455,3457
MesoMazePath,1629,1631,3422,3424
MesoMazePath,1641,1643,3452,3454
MesoMazePath,1662,1664,3449,3451
MesoMazePath,1653,1655,3419,3421
MesoMazePath,1650,1652,3419,3421
MesoMazeStorage,1623,1628,3431,3436
MesoMazePath,1620,1622,3413,3415
MesoMazeSpiderTurn,1662,1667,3452,3457
MesoMazePath,1629,1631,3434,3436
MesoMazePath,1659,1661,3452,3454
MesoMazePath,1662,1664,3413,3415
MesoMazePath,1665,1667,3422,3424
MesoMazePath,1632,1634,3455,3457
MesoMazePath,1632,1634,3422,3424
MesoMazePath,1662,1664,3437,3439
MesoMazePath,1647,1649,3419,3421
MesoMazePath,1635,1637,3434,3436
MesoMazePath,1650,1652,3446,3448
MesoMazePath,1665,1667,3437,3439
MesoMazePath,1659,1661,3452,3454
MesoMazeStairCorridor,1623,1628,3422,3424
MesoMazePath,1641,1643,3440,3442
MesoMazePath,1662,1664,3449,3451
MesoMazePath,1662,1664,3446,3448
MesoMazePath,1620,1622,3422,3424
MesoMazeSpiderTurn,1623,1628,3413,3418
MesoMazeStairCorridor,1620,1622,3416,3421
MesoMazeStairCorridor,1632,1634,3443,3448
MesoMazeStairCorridor,1629,1631,3437,3442
MesoMazePath,1665,1667,3437,3439
MesoMazePath,1659,1661,3455,3457
MesoMazePath,1665,1667,3452,3454
MesoMazePath,1656,1658,3455,3457
MesoMazeGrowth,1629,1634,3410,3415
MesoMazePath,1665,1667,3440,3442
MesoMazeStairCorridor,1659,1664,3434,3436
MesoMazePath,1665,1667,3434,3436
MesoMazeSpiderTurn,1626,1631,3443,3448
MesoMazePath,1647,1649,3416,3418
MesoMazePath,1665,1667,3455,3457
MesoMazeStorage,1623,1628,3437,3442
MesoMazePath,1623,1625,3443,3445
MesoMazePath,1641,1643,3455,3457
MesoMazeGrowth,1620,1625,3425,3430
MesoMazePath,1644,1646,3446,3448
MesoMazePath,1620,1622,3437,3439
MesoMazePath,1662,1664,3455,3457
MesoMazeGrowth,1620,1625,3431,3436
MesoMazePath,1665,1667,3440,3442
MesoMazePath,1662,1664,3440,3442
MesoMazePath,1644,1646,3443,3445
MesoMazeStorage,1620,1625,3446,3451
MesoMazePath,1659,1661,3455,3457
MesoMazePath,1632,1634,3440,3442
MesoMazeSpiderTurn,1656,1661,3446,3451
MesoMazePath,1626,1628,3410,3412
MesoMazeZombieTable,1623,1628,3425,3430
MesoMazePath,1620,1622,3410,3412
MesoMazePath,1656,1658,3452,3454
MesoMazePath,1644,1646,3443,3445
MesoMazePath,1662,1664,3440,3442
MesoMazePath,1662,1664,3446,3448
MesoMazePath,1665,1667,3434,3436
MesoMazePath,1623,1625,3410,3412
MesoMazePath,1620,1622,3443,3445
MesoMazePath,1644,1646,3446,3448
MesoMazePath,1626,1628,3431,3433
MesoMazePath,1653,1655,3422,3424
MesoMazeGrowth,1635,1640,3410,3415
MesoMazePath,1659,1661,3440,3442
MesoMazePath,1620,1622,3440,3442
MesoMazePath,1641,1643,3443,3445
MesoMazePath,1665,1667,3431,3433
MesoMazeCorridorCollapse,1641,1646,3413,3415
MesoMazePath,1653,1655,3416,3418
MesoMazeSpiderTurn,1650,1655,3410,3415
MesoMazePath,1653,1655,3452,3454
MesoMazePath,1647,1649,3413,3415
MesoMazePath,1638,1640,3443,3445
MesoMazePath,1632,1634,3440,3442
MesoMazePath,1638,1640,3413,3415
MesoMazePath,1644,1646,3416,3418
MesoMazePath,1620,1622,3413,3415
MesoMazePath,1665,1667,3428,3430
MesoMazePath,1650,1652,3416,3418
MesoMazeCorridorCollapse,1644,1649,3410,3412
MesoMazePath,1662,1664,3452,3454
MesoMazePath,1635,1637,3413,3415
MesoMazePath,1620,1622,3410,3412
MesoMazePath,1635,1637,3410,3412
MesoMazePath,1641,1643,3410,3412
MesoMazePath,1626,1628,3449,3451
MesoMazePath,1650,1652,3419,3421
MesoMazePath,1647,1649,3413,3415
MesoMazePath,1632,1634,3410,3412
MesoMazePath,1650,1652,3410,3412
MesoMazePath,1626,1628,3452,3454
MesoMazePath,1632,1634,3413,3415
MesoMazeZombieTable,1620,1625,3452,3457
MesoMazePath,1638,1640,3410,3412
MesoMazePath,1626,1628,3455,3457
MesoMazePath,1641,1643,3410,3412
MesoMazePath,1629,1631,3455,3457
MesoMazePath,1653,1655,3410,3412
MesoMazePath,1632,1634,3455,3457
MesoMazePath,1635,1637,3455,3457
MesoMazeStairCorridor,1656,1661,3410,3412
MesoMazePath,1662,1664,3410,3412
MesoMazePath,1665,1667,3410,3412
MesoMazePath,1665,1667,3413,3415
MesoMazePagoda,1620,1667,3410,3457
RLCraft_DecentWitch,1550,1550,3217,3217
RLCraft_UndergroundRuin3,1547,1555,3211,3219
StonePlantMound4,1660,1667,3506,3513
SmallWoodenCottage,1631,1639,3173,3184
StonePlantMound2,1694,1706,3428,3441
StonePlantMound4,1688,1695,3466,3473
StoneBoulder,1707,1716,3176,3185
PeacefulCrypt,1538,1554,3137,3161
RLCraft_BasicSkeleton,1621,1621,3131,3131
RLCraft_UndergroundRuin1,1618,1627,3125,3134
StoneBoulder,1661,1670,3133,3142
Tree_Oak_TheMushroomOak_v3,1721,1780,3380,3430
RLCraft_BasicSpider,1757,1757,3257,3257
RLCraft_UndergroundRuin1,1751,1760,3251,3260
StonePlantMound,1754,1759,3476,3481
StonePlantMound2,1730,1742,3126,3139
StoneBoulder,1806,1815,3399,3408
RLCraft_DecentSpider,1543,1543,3084,3084
RLCraft_UndergroundRuin3,1538,1546,3078,3086
StonePlantMound1,1685,1691,3079,3085
StonePlantMound4,1854,1861,3155,3162
StonePlantMound4,1850,1857,3203,3210
StonePlantBoulder,1889,1899,3204,3214
ShrineSmallAir,1908,1916,3084,3092
WoodThornBig,1943,1956,3158,3171
SmallWoodenCottage1,2037,2048,3263,3269
