StoneLeafMound,2071,2080,4082,4089
StonePlantBoulder,2272,2282,4054,4064
StonePlantMound2,2154,2166,4026,4039
StoneMazeFountain,2048,2056,3978,3986
StoneMazePathBig,2048,2056,3987,3995
StoneMazePathBig,2057,2065,3987,3995
StoneMazePath,2069,2071,3993,3995
StoneMazeFountain,2045,2053,4017,4025
StoneMazePath,2066,2068,3990,3992
StoneMazePath,2054,2056,4020,4022
StoneMazePath,2054,2056,4017,4019
StoneMazeShootingRange,2051,2059,3996,4001
StoneMazePath,2057,2059,4020,4022
StoneMazePath,2069,2071,3990,3992
StoneMazePath,2066,2068,3993,3995
StoneMazePathBig,2048,2056,4002,4010
StoneMazePath,2051,2053,4011,4013
StoneMazeEndChest,2060,2062,3984,3986
StoneMazePath,2060,2062,4020,4022
StoneMazePath,2066,2068,3987,3989
StoneMazePath,2057,2059,3981,3983
StoneMazePath,2057,2059,4005,4007
StoneMazePath,2060,2062,4017,4019
StoneMazePath,2066,2068,3984,3986
StoneMazePath,2060,2062,3981,3983
StoneMazePath,2069,2071,3984,3986
StoneMazeEndChest,2060,2062,4023,4025
StoneMazePath,2057,2059,4017,4019
StoneMazePath,2057,2059,4023,4025
StoneMazePath,2060,2062,4014,4016
StoneMazeEndChest,2063,2065,3984,3986
StoneMazeEndChest,2048,2050,4011,4013
StoneMazePath,2057,2059,4014,4016
StoneMazeEndChest,2054,2056,4014,4016
StoneMazeEndChest,2063,2065,4020,4022
StoneMazeLitRoom,2063,2068,4011,4016
StoneMazeSpiderRoom,2063,2068,3978,3983
StoneMazePath,2060,2062,4005,4007
StoneMazeEndChest,2063,2065,4017,4019
StoneMazePath,2066,2068,3996,3998
StoneMazeEndChest,2069,2071,4011,4013
StoneMazePath,2066,2068,4008,4010
StoneMazePath,2063,2065,4008,4010
StoneMazePath,2051,2053,4014,4016
StoneMazeEndChest,2048,2050,4014,4016
StoneMazePath,2054,2056,4023,4025
StoneMazePath,2054,2056,4011,4013
StoneMazeEndChest,2069,2071,4014,4016
StoneMazePath,2060,2062,4011,4013
StoneMazePath,2066,2068,3999,4001
StoneMazePath,2066,2068,4005,4007
StoneMazePath,2060,2062,4008,4010
StoneMazePath,2069,2071,3987,3989
StoneMazeEndChest,2069,2071,3999,4001
StoneMazeSpiderRoom,2066,2071,4017,4022
StoneMazePath,2066,2068,4002,4004
StoneMazePath,2063,2065,4002,4004
StoneMazePath,2063,2065,4005,4007
StoneMazeEndChest,2069,2071,4002,4004
StoneMazePath,2069,2071,3996,3998
StoneMazePath,2063,2065,3999,4001
StoneMazePath,2060,2062,4002,4004
StoneMazePath,2060,2062,3999,4001
StoneMazePath,2063,2065,3996,3998
StoneMazePath,2057,2059,4011,4013
StoneMazePath,2057,2059,4002,4004
StoneMazePath,2060,2062,3996,3998
StoneMazeEndChest,2057,2059,4008,4010
StonePlantMound4,2146,2153,3949,3956
ShrineSmallEarth,2230,2242,3909,3921
WoodThornBig,2132,2145,3881,3894
StoneLeafMound,2264,2271,3868,3877
PeacefulCrypt,2367,2391,3818,3834
StonePlantMound,2215,2220,3796,3801
StonePlantMound3,2296,2307,3785,3794
RLCraft_SmallUndergroundSkeleton,2146,2154,3756,3764
StonePlantMound4,2338,2345,3750,3757
StonePlantMound4,2061,2068,3689,3696
Tree_Oak_TheMushroomOak_v3,2182,2241,3668,3718
RLCraft_BasicCaveSpider,2082,2082,3608,3608
RLCraft_UndergroundRuin1,2076,2085,3605,3614
Tree_Oak_TheMushroomOak_v3,2096,2146,3590,3649
DinosaurSkeleton,2247,2293,3645,3654
AbandonedWoodTower,2314,2350,3679,3709
RLCraft_DecentWitch,2394,2394,3674,3674
RLCraft_UndergroundRuin3,2389,2397,3668,3676
StonePlantMound,2398,2403,3655,3660
RLCraft_BasicSkeleton,2348,2348,3647,3647
RLCraft_UndergroundRuin1,2345,2354,3641,3650
MesoMazeStairTurn,2461,2466,3751,3756
MesoMazeStairTurn,2449,2454,3751,3756
MesoMazeStorage,2443,2448,3748,3753
MesoMazeSpiderTurn,2443,2448,3754,3759
MesoMazeStorage,2458,2463,3745,3750
MesoMazeStairTurn,2449,2454,3757,3762
MesoMazePath,2440,2442,3754,3756
MesoMazeZombieTable,2437,2442,3748,3753
MesoMazeSpiderTurn,2434,2439,3754,3759
MesoMazePath,2455,2457,3748,3750
MesoMazePath,2467,2469,3754,3756
MesoMazePath,2449,2451,3763,3765
MesoMazeGrowth,2443,2448,3760,3765
MesoMazeSpiderTurn,2437,2442,3763,3768
MesoMazePath,2446,2448,3763,3765
MesoMazePath,2437,2439,3760,3762
MesoMazePath,2446,2448,3766,3768
MesoMazeStorage,2443,2448,3757,3762
MesoMazeGrowth,2449,2454,3745,3750
MesoMazeStorage,2452,2457,3763,3768
MesoMazeZombieTable,2437,2442,3757,3762
MesoMazePath,2440,2442,3760,3762
MesoMazePath,2443,2445,3763,3765
MesoMazePath,2458,2460,3751,3753
MesoMazePath,2449,2451,3766,3768
MesoMazePath,2440,2442,3757,3759
MesoMazePath,2455,2457,3751,3753
MesoMazeStairCorridor,2452,2454,3769,3774
MesoMazeCorridorCollapse,2455,2457,3769,3774
MesoMazeGrowth,2443,2448,3766,3771
MesoMazeStairCorridor,2434,2436,3748,3753
MesoMazeStorage,2470,2475,3751,3756
MesoMazePath,2455,2457,3775,3777
MesoMazePath,2455,2457,3766,3768
MesoMazePath,2455,2457,3775,3777
MesoMazeSpiderTurn,2440,2445,3766,3771
MesoMazePath,2470,2472,3748,3750
MesoMazePath,2452,2454,3775,3777
MesoMazePath,2437,2439,3769,3771
MesoMazePath,2449,2451,3769,3771
MesoMazePath,2440,2442,3763,3765
MesoMazePath,2458,2460,3754,3756
MesoMazePath,2437,2439,3766,3768
MesoMazeStairTurn,2458,2463,3766,3771
MesoMazePath,2473,2475,3748,3750
MesoMazeSpiderTurn,2473,2478,3742,3747
MesoMazePath,2449,2451,3772,3774
MesoMazeStairCorridor,2434,2436,3742,3747
MesoMazePath,2449,2451,3775,3777
MesoMazePath,2455,2457,3754,3756
MesoMazeCorridorCollapse,2458,2463,3775,3777
MesoMazePath,2467,2469,3751,3753
MesoMazePath,2455,2457,3745,3747
MesoMazeCorridorCollapse,2467,2472,3742,3744
MesoMazeStorage,2461,2466,3739,3744
MesoMazePath,2452,2454,3775,3777
MesoMazePath,2446,2448,3769,3771
MesoMazePath,2446,2448,3772,3774
MesoMazePath,2476,2478,3748,3750
MesoMazePath,2446,2448,3775,3777
MesoMazePath,2479,2481,3748,3750
MesoMazePath,2461,2463,3772,3774
MesoMazePath,2434,2436,3739,3741
MesoMazePath,2449,2451,3775,3777
MesoMazePath,2449,2451,3772,3774
MesoMazeCorridorCollapse,2440,2445,3775,3777
MesoMazeCorridorCollapse,2464,2469,3775,3777
MesoMazeCorridorCollapse,2467,2472,3739,3741
MesoMazeSpiderTurn,2461,2466,3742,3747
MesoMazeCorridorCollapse,2467,2472,3745,3747
MesoMazePath,2455,2457,3757,3759
MesoMazeStairCorridor,2479,2481,3751,3756
MesoMazeSpiderTurn,2434,2439,3733,3738
MesoMazeStairCorridor,2464,2466,3733,3738
MesoMazePath,2455,2457,3763,3765
MesoMazeStairCorridor,2464,2469,3748,3750
MesoMazeStairCorridor,2476,2478,3751,3756
MesoMazeZombieTable,2473,2478,3742,3747
MesoMazeStairTurn,2473,2478,3757,3762
MesoMazePath,2455,2457,3760,3762
MesoMazePath,2470,2472,3775,3777
MesoMazeSpiderTurn,2458,2463,3736,3741
MesoMazePath,2449,2451,3769,3771
MesoMazeZombieTable,2434,2439,3772,3777
MesoMazePath,2464,2466,3745,3747
MesoMazeGrowth,2452,2457,3733,3738
MesoMazeGrowth,2440,2445,3730,3735
MesoMazePath,2434,2436,3766,3768
MesoMazePath,2464,2466,3739,3741
MesoMazePath,2446,2448,3775,3777
MesoMazePath,2461,2463,3748,3750
MesoMazeStairTurn,2446,2451,3730,3735
MesoMazeSpiderTurn,2452,2457,3739,3744
MesoMazePath,2464,2466,3730,3732
MesoMazePath,2434,2436,3763,3765
MesoMazePath,2437,2439,3763,3765
MesoMazeStairTurn,2470,2475,3763,3768
MesoMazePath,2458,2460,3748,3750
MesoMazeSpiderTurn,2470,2475,3769,3774
MesoMazePath,2455,2457,3745,3747
MesoMazePath,2452,2454,3763,3765
MesoMazePath,2434,2436,3769,3771
MesoMazeSpiderTurn,2449,2454,3745,3750
MesoMazeStorage,2464,2469,3766,3771
MesoMazePath,2464,2466,3772,3774
MesoMazePath,2467,2469,3772,3774
MesoMazePath,2473,2475,3739,3741
MesoMazePath,2461,2463,3736,3738
MesoMazePath,2449,2451,3763,3765
MesoMazePath,2437,2439,3739,3741
MesoMazeStairCorridor,2479,2481,3742,3747
MesoMazeStorage,2464,2469,3769,3774
MesoMazePath,2464,2466,3766,3768
MesoMazeStairTurn,2473,2478,3733,3738
MesoMazePath,2479,2481,3739,3741
MesoMazePath,2479,2481,3736,3738
MesoMazePath,2446,2448,3745,3747
MesoMazeGrowth,2470,2475,3772,3777
MesoMazeSpiderTurn,2440,2445,3745,3750
MesoMazePath,2446,2448,3748,3750
MesoMazeGrowth,2464,2469,3760,3765
MesoMazePath,2461,2463,3772,3774
MesoMazeSpiderTurn,2476,2481,3769,3774
MesoMazePath,2446,2448,3772,3774
MesoMazeCorridorCollapse,2458,2463,3730,3732
MesoMazePath,2434,2436,3772,3774
MesoMazePath,2467,2469,3766,3768
MesoMazeStairCorridor,2440,2445,3736,3738
MesoMazePath,2458,2460,3742,3744
MesoMazeCorridorCollapse,2440,2445,3739,3741
MesoMazeZombieTable,2458,2463,3760,3765
MesoMazeStorage,2449,2454,3736,3741
MesoMazePath,2446,2448,3751,3753
MesoMazeStairCorridor,2437,2439,3742,3747
MesoMazePath,2446,2448,3742,3744
MesoMazePath,2455,2457,3748,3750
MesoMazePath,2473,2475,3739,3741
MesoMazePath,2476,2478,3730,3732
MesoMazePath,2440,2442,3742,3744
MesoMazeSpiderTurn,2446,2451,3736,3741
MesoMazePath,2461,2463,3733,3735
MesoMazePath,2437,2439,3748,3750
MesoMazePath,2437,2439,3739,3741
MesoMazePath,2455,2457,3730,3732
MesoMazePath,2446,2448,3736,3738
MesoMazePath,2437,2439,3775,3777
MesoMazePath,2440,2442,3772,3774
MesoMazePath,2470,2472,3736,3738
MesoMazePath,2446,2448,3739,3741
MesoMazePath,2446,2448,3754,3756
MesoMazePath,2476,2478,3739,3741
MesoMazePath,2452,2454,3730,3732
MesoMazePath,2437,2439,3772,3774
MesoMazePath,2446,2448,3742,3744
MesoMazePath,2449,2451,3766,3768
MesoMazePath,2458,2460,3772,3774
MesoMazeStorage,2452,2457,3730,3735
MesoMazePath,2458,2460,3733,3735
MesoMazeZombieTable,2440,2445,3742,3747
MesoMazePath,2467,2469,3757,3759
MesoMazePath,2479,2481,3766,3768
MesoMazePath,2446,2448,3745,3747
MesoMazeZombieTable,2440,2445,3751,3756
MesoMazePath,2449,2451,3742,3744
MesoMazePath,2434,2436,3739,3741
MesoMazePath,2443,2445,3742,3744
MesoMazePath,2458,2460,3736,3738
MesoMazeZombieTable,2467,2472,3751,3756
MesoMazePath,2479,2481,3757,3759
MesoMazePath,2476,2478,3739,3741
MesoMazePath,2440,2442,3769,3771
MesoMazePath,2479,2481,3763,3765
MesoMazePath,2470,2472,3769,3771
MesoMazePath,2479,2481,3757,3759
MesoMazePath,2479,2481,3739,3741
MesoMazePath,2473,2475,3769,3771
MesoMazePath,2476,2478,3763,3765
MesoMazePath,2476,2478,3766,3768
MesoMazePath,2470,2472,3733,3735
MesoMazePath,2437,2439,3769,3771
MesoMazePath,2455,2457,3736,3738
MesoMazePath,2470,2472,3730,3732
MesoMazePath,2434,2436,3760,3762
MesoMazePath,2467,2469,3730,3732
MesoMazePath,2479,2481,3760,3762
MesoMazePath,2467,2469,3733,3735
MesoMazePath,2455,2457,3739,3741
MesoMazePath,2470,2472,3757,3759
MesoMazePath,2434,2436,3757,3759
MesoMazePath,2464,2466,3730,3732
MesoMazePath,2434,2436,3769,3771
MesoMazePath,2467,2469,3736,3738
MesoMazePath,2473,2475,3730,3732
MesoMazePath,2470,2472,3760,3762
MesoMazePath,2434,2436,3766,3768
MesoMazePath,2434,2436,3763,3765
MesoMazePath,2458,2460,3745,3747
MesoMazePath,2455,2457,3742,3744
MesoMazePath,2434,2436,3760,3762
MesoMazePath,2473,2475,3775,3777
MesoMazePath,2476,2478,3775,3777
MesoMazePath,2434,2436,3754,3756
MesoMazePagoda,2434,2481,3730,3777
RLCraft_UndergroundFarm,2517,2559,3784,3827
StonePlantMound4,2408,2415,3634,3641
StonePlantMound4,2434,2441,3635,3642
StoneLeafMound,2281,2290,3605,3612
StoneBoulder,2391,2400,3595,3604
StoneBoulder,2378,2387,3582,3591
StonePlantMound2,2493,2506,3605,3617
RLCraft_UndergroundFarm,2466,2509,3664,3706
