StoneMazePathBig,2621,2629,4054,4062
StoneMazePathBig,2624,2632,4027,4035
StoneMazePathBig,2624,2632,4036,4044
StoneMazeShootingRange,2642,2647,4039,4047
StoneMazePathBig,2633,2641,4042,4050
StoneMazeStudy,2630,2644,4054,4062
StoneMazePath,2630,2632,4045,4047
StoneMazeEndChest,2636,2638,4060,4062
StoneMazePath,2624,2626,4051,4053
StoneMazeFountain,2615,2623,4027,4035
StoneMazePath,2618,2620,4036,4038
StoneMazeSpiderRoom,2633,2638,4027,4032
StoneMazeSpiderRoom,2633,2638,4036,4041
StoneMazePath,2621,2623,4036,4038
StoneMazePathBig,2612,2620,4045,4053
StoneMazeSpiderRoom,2615,2620,4057,4062
StoneMazePath,2627,2629,4045,4047
StoneMazePath,2627,2629,4051,4053
StoneMazePath,2615,2617,4042,4044
StoneMazePath,2630,2632,4051,4053
StoneMazePath,2627,2629,4048,4050
StoneMazePath,2615,2617,4036,4038
StoneMazeEndChest,2612,2614,4042,4044
StoneMazePath,2621,2623,4039,4041
StoneMazePath,2621,2623,4048,4050
StoneMazePath,2630,2632,4048,4050
StoneMazePath,2612,2614,4030,4032
StoneMazePath,2615,2617,4039,4041
StoneMazePath,2618,2620,4042,4044
StoneMazePath,2624,2626,4048,4050
StoneMazePath,2618,2620,4039,4041
StoneMazePath,2621,2623,4042,4044
StoneMazeEndChest,2621,2623,4051,4053
StoneMazeEndChest,2612,2614,4027,4029
StoneMaze,2612,2647,4027,4062
MysticalTree2,2650,2660,4071,4081
StoneLeafMound,2892,2899,3584,3593
StonePlantMound4,2818,2825,3591,3598
StonePlantMound1,3058,3064,3622,3628
StonePlantMound2,3002,3015,3673,3685
StonePlantMound1,2655,2661,3587,3593
