StoneLeafMound,5126,5133,4848,4857
SmallWoodenCottage2,5165,5173,5076,5084
StoneBoulder,5203,5212,5015,5024
RLCraft_DecentWitch,5186,5186,4932,4932
RLCraft_UndergroundRuin3,5180,5188,4929,4937
P_RuinedHouse,5295,5312,5044,5069
StonePlantMound4,5329,5336,5099,5106
StoneBoulder,5270,5279,4982,4991
RLCraft_SmallUndergroundSkeleton,5361,5369,5005,5013
StoneLeafMound,5352,5359,4917,4926
SmallWoodenCottage2,5374,5382,4903,4911
RLCraft_SmallUndergroundSkeleton,5290,5298,4774,4782
ElvenPond,5136,5166,4821,4850
StonePlantBoulder,5415,5425,4994,5004
DinosaurSkull,5423,5442,4993,5004
StonePlantMound1,5440,5446,5072,5078
StoneLeafMound,5475,5484,5081,5088
StonePlantMound4,5498,5505,4963,4970
DinosaurSkull,5448,5467,4926,4937
StonePlantMound,5212,5217,4817,4822
StoneMazePathBig,5520,5528,5047,5055
StoneMazeFountain,5559,5567,5056,5064
StoneMazePath,5565,5567,5005,5007
StoneMazeFountain,5571,5579,5038,5046
StoneMazeFountain,5568,5576,5056,5064
StoneMazePath,5577,5579,5059,5061
StoneMazePath,5574,5576,5047,5049
StoneMazePathBig,5520,5528,5026,5034
StoneMazePath,5577,5579,5017,5019
StoneMazePath,5577,5579,5047,5049
StoneMazePath,5523,5525,5023,5025
StoneMazeSpiderRoom,5520,5525,5017,5022
StoneMazeEndChest,5571,5573,5047,5049
StoneMazePath,5571,5573,5053,5055
StoneMazeEndChest,5577,5579,5056,5058
StoneMazePath,5568,5570,5041,5043
StoneMazeSpiderRoom,5559,5564,5005,5010
StoneMazeShootingRange,5526,5531,5017,5025
StoneMazePath,5556,5558,5059,5061
StoneMazePath,5568,5570,5005,5007
StoneMazePath,5568,5570,5053,5055
StoneMazePath,5529,5531,5029,5031
StoneMazeEndChest,5577,5579,5014,5016
StoneMazeShootingRange,5550,5558,5053,5058
StoneMazePath,5523,5525,5056,5058
StoneMazeEndChest,5565,5567,5008,5010
StoneMazeEndChest,5568,5570,5044,5046
StoneMazePath,5568,5570,5008,5010
StoneMazeEndChest,5568,5570,5038,5040
StoneMazePath,5520,5522,5056,5058
StoneMazePath,5520,5522,5059,5061
StoneMazePath,5544,5546,5062,5064
StoneMazePath,5523,5525,5059,5061
StoneMazePath,5574,5576,5050,5052
StoneMazePath,5553,5555,5059,5061
StoneMazePath,5571,5573,5008,5010
StoneMazePath,5520,5522,5023,5025
StoneMazePath,5556,5558,5062,5064
StoneMazePath,5565,5567,5053,5055
StoneMazePath,5547,5549,5062,5064
StoneMazePath,5544,5546,5059,5061
StoneMazeFountain,5553,5561,5044,5052
StoneMazePath,5574,5576,5053,5055
StoneMazePath,5574,5576,5008,5010
StoneMazePath,5571,5573,5005,5007
StoneMazePath,5529,5531,5032,5034
StoneMazePath,5547,5549,5059,5061
StoneMazePath,5556,5558,5041,5043
StoneMazePath,5529,5531,5035,5037
StoneMazePath,5574,5576,5005,5007
StoneMazePath,5571,5573,5011,5013
StoneMazePath,5526,5528,5059,5061
StoneMazePath,5523,5525,5035,5037
StoneMazePath,5571,5573,5050,5052
StoneMazeLitRoom,5571,5576,5017,5022
StoneMazeEndChest,5520,5522,5035,5037
StoneMazePath,5526,5528,5056,5058
StoneMazePathBig,5526,5534,5038,5046
StoneMazePath,5532,5534,5005,5007
StoneMazePath,5526,5528,5035,5037
StoneMazePath,5577,5579,5008,5010
StoneMazeShootingRange,5565,5570,5020,5028
StoneMazePath,5574,5576,5011,5013
StoneMazePath,5577,5579,5020,5022
StoneMazePath,5547,5549,5056,5058
StoneMazePathBig,5544,5552,5044,5052
StoneMazeEndChest,5547,5549,5053,5055
StoneMazePath,5529,5531,5059,5061
StoneMazePath,5523,5525,5041,5043
StoneMazePath,5571,5573,5023,5025
StoneMazePathBig,5532,5540,5026,5034
StoneMazePath,5529,5531,5047,5049
StoneMazeEndChest,5526,5528,5062,5064
StoneMazePath,5574,5576,5023,5025
StoneMazePath,5577,5579,5005,5007
StoneMazeEndChest,5577,5579,5011,5013
StoneMazeFountain,5535,5543,5044,5052
StoneMazePath,5520,5522,5041,5043
StoneMazeFountain,5556,5564,5017,5025
StoneMazePath,5553,5555,5041,5043
StoneMazePath,5529,5531,5062,5064
StoneMazePath,5550,5552,5041,5043
StoneMazeEndChest,5568,5570,5017,5019
StoneMazePath,5541,5543,5062,5064
StoneMazePath,5568,5570,5050,5052
StoneMazePath,5538,5540,5053,5055
StoneMazeEndChest,5520,5522,5044,5046
StoneMazePath,5523,5525,5038,5040
StoneMazePath,5577,5579,5023,5025
StoneMazePath,5529,5531,5056,5058
StoneMazePath,5565,5567,5050,5052
StoneMazePath,5547,5549,5041,5043
StoneMazePath,5538,5540,5056,5058
StoneMazePath,5538,5540,5062,5064
StoneMazePath,5538,5540,5059,5061
StoneMazeEndChest,5535,5537,5041,5043
StoneMazePath,5556,5558,5038,5040
StoneMazePath,5559,5561,5041,5043
StoneMazeEndChest,5523,5525,5044,5046
StoneMazeEndChest,5574,5576,5014,5016
StoneMazePath,5535,5537,5059,5061
StoneMazePath,5571,5573,5026,5028
StoneMazeShootingRange,5550,5555,5032,5040
StoneMazePath,5529,5531,5053,5055
StoneMazePath,5544,5546,5041,5043
StoneMazePath,5547,5549,5038,5040
StoneMazePath,5559,5561,5014,5016
StoneMazePath,5535,5537,5056,5058
StoneMazePath,5535,5537,5053,5055
StoneMazePath,5556,5558,5014,5016
StoneMazePath,5571,5573,5029,5031
StoneMazePath,5529,5531,5005,5007
StoneMazePath,5541,5543,5056,5058
StoneMazePath,5520,5522,5038,5040
StoneMazeEndChest,5535,5537,5062,5064
StoneMazePath,5559,5561,5011,5013
StoneMazePath,5529,5531,5050,5052
StoneMazePath,5571,5573,5014,5016
StoneMazePath,5562,5564,5050,5052
StoneMazePath,5571,5573,5032,5034
StoneMazePath,5562,5564,5053,5055
StoneMazePath,5577,5579,5053,5055
StoneMazePath,5559,5561,5026,5028
StoneMazePath,5526,5528,5005,5007
StoneMazePath,5547,5549,5035,5037
StoneMazePath,5562,5564,5047,5049
StoneMazeSpiderRoom,5559,5564,5035,5040
StoneMazePath,5556,5558,5011,5013
StoneMazePath,5544,5546,5038,5040
StoneMazeSpiderRoom,5541,5546,5032,5037
StoneMazePath,5523,5525,5005,5007
StoneMazePath,5532,5534,5053,5055
StoneMazePath,5568,5570,5032,5034
StoneMazeEndChest,5568,5570,5029,5031
StoneMazePath,5559,5561,5029,5031
StoneMazePath,5544,5546,5056,5058
StoneMazePath,5541,5543,5059,5061
StoneMazePath,5565,5567,5032,5034
StoneMazePathBig,5547,5555,5008,5016
StoneMazePath,5532,5534,5059,5061
StoneMazePath,5538,5540,5041,5043
StoneMazePath,5556,5558,5029,5031
StoneMazePath,5541,5543,5029,5031
StoneMazePath,5550,5552,5017,5019
StoneMazePath,5565,5567,5035,5037
StoneMazePath,5520,5522,5005,5007
StoneMazePath,5532,5534,5050,5052
StoneMazePath,5562,5564,5044,5046
StoneMazePath,5556,5558,5008,5010
StoneMazePath,5562,5564,5032,5034
StoneMazeFountain,5547,5555,5020,5028
StoneMazePath,5544,5546,5023,5025
StoneMazePath,5541,5543,5023,5025
StoneMazePath,5538,5540,5038,5040
StoneMazePath,5520,5522,5008,5010
StoneMazePath,5538,5540,5035,5037
StoneMazePath,5550,5552,5005,5007
StoneMazePath,5541,5543,5038,5040
StoneMazePath,5532,5534,5023,5025
StoneMazePath,5553,5555,5005,5007
StoneMazePath,5535,5537,5023,5025
StoneMazePath,5538,5540,5023,5025
StoneMazeSpiderRoom,5523,5528,5008,5013
StoneMazePath,5532,5534,5062,5064
StoneMazePath,5565,5567,5038,5040
StoneMazePath,5565,5567,5029,5031
StoneMazePath,5541,5543,5026,5028
StoneMazePath,5553,5555,5029,5031
StoneMazePath,5565,5567,5041,5043
StoneMazeEndChest,5556,5558,5005,5007
StoneMazePath,5562,5564,5026,5028
StoneMazePath,5550,5552,5029,5031
StoneMazePath,5556,5558,5032,5034
StoneMazePath,5556,5558,5035,5037
StoneMazePath,5544,5546,5011,5013
StoneMazeEndChest,5568,5570,5035,5037
StoneMazePath,5541,5543,5041,5043
StoneMazePath,5559,5561,5032,5034
StoneMazePath,5535,5537,5020,5022
StoneMazeEndChest,5556,5558,5026,5028
StoneMazePath,5544,5546,5014,5016
StoneMazePath,5574,5576,5029,5031
StoneMazeEndChest,5553,5555,5017,5019
StoneMazePath,5562,5564,5029,5031
StoneMazePath,5544,5546,5017,5019
StoneMazePath,5541,5543,5053,5055
StoneMazeSpiderRoom,5574,5579,5032,5037
StoneMazePath,5544,5546,5026,5028
StoneMazePath,5562,5564,5041,5043
StoneMazeEndChest,5544,5546,5053,5055
StoneMazePath,5565,5567,5044,5046
StoneMazePath,5544,5546,5008,5010
StoneMazePath,5547,5549,5029,5031
StoneMazePath,5541,5543,5008,5010
StoneMazePath,5538,5540,5020,5022
StoneMazePath,5520,5522,5011,5013
StoneMazeShootingRange,5535,5543,5011,5016
StoneMazeEndChest,5559,5561,5053,5055
StoneMazePath,5520,5522,5014,5016
StoneMazePath,5541,5543,5017,5019
StoneMazePath,5523,5525,5014,5016
StoneMazePath,5541,5543,5020,5022
StoneMazePath,5526,5528,5014,5016
StoneMazePath,5544,5546,5020,5022
StoneMazePath,5538,5540,5017,5019
StoneMazePath,5532,5534,5047,5049
StoneMazePath,5535,5537,5017,5019
StoneMazeEndChest,5544,5546,5029,5031
StoneMazePath,5529,5531,5014,5016
StoneMazePath,5532,5534,5014,5016
StoneMazePath,5532,5534,5017,5019
StoneMazePath,5538,5540,5008,5010
StoneMazePath,5538,5540,5005,5007
StoneMazePath,5535,5537,5008,5010
StoneMazePath,5535,5537,5005,5007
StoneMazePath,5532,5534,5008,5010
StoneMazeEndChest,5529,5531,5008,5010
StoneMazeHuge,5520,5579,5005,5064
StonePlantMound3,5567,5578,4872,4881
StonePlantBoulder,5451,5461,4831,4841
RLCraft_DecentSkeleton,5425,5425,4807,4807
RLCraft_UndergroundRuin2,5420,5430,4805,4812
RLCraft_BasicCaveSpider,5528,5528,4799,4799
RLCraft_UndergroundRuin1,5522,5531,4793,4802
StonePlantMound,5340,5345,4750,4755
StonePlantMound3,5480,5491,4724,4733
StonePlantMound4,5192,5199,4782,4789
StonePlantMound3,5486,5495,4707,4718
RLCraft_DecentSpider,5163,5163,4785,4785
RLCraft_UndergroundRuin2,5158,5168,4780,4787
RLCraft_DecentWitch,5365,5365,4705,4705
RLCraft_UndergroundRuin3,5362,5370,4699,4707
StonePlantMound3,5251,5260,4655,4666
StonePlantMound4,5334,5341,4643,4650
StoneLeafMound,5479,5488,4613,4620
StonePlantBoulder,5459,5469,4619,4629
