StonePlantMound1,5129,5135,5172,5178
RLCraft_FriendlyOutpost,5153,5192,5148,5216
RLCraft_DecentWitch,5186,5186,5297,5297
RLCraft_UndergroundRuin3,5184,5192,5294,5302
StoneLeafMound,5207,5216,5119,5126
BrickHenge,5205,5221,5257,5273
StoneBoulder,5233,5242,5129,5138
AbandonedWoodTower,5156,5192,5318,5348
StonePlantMound4,5187,5194,5438,5445
RLCraft_BasicZombie,5189,5189,5449,5449
RLCraft_UndergroundRuin1,5183,5192,5443,5452
StonePlantMound2,5126,5138,5470,5483
StoneLeafMound,5239,5246,5227,5236
StonePlantMound1,5276,5282,5195,5201
StonePlantMound,5270,5275,5266,5271
StoneLeafMound,5295,5302,5178,5187
MysticalTree1,5285,5298,5189,5200
RLCraft_DecentZombie,5289,5289,5127,5127
RLCraft_UndergroundRuin3,5286,5294,5125,5133
StonePlantMound2,5163,5176,5570,5582
StonePlantBoulder,5353,5363,5119,5129
MesoMazeStairCorridor,5372,5374,5147,5152
MesoMazeStairTurn,5372,5377,5153,5158
MesoMazePath,5369,5371,5153,5155
MesoMazeGrowth,5369,5374,5135,5140
MesoMazeStorage,5372,5377,5129,5134
MesoMazeStorage,5366,5371,5129,5134
MesoMazeStairCorridor,5378,5383,5156,5158
MesoMazeStairCorridor,5375,5377,5135,5140
MesoMazeStorage,5363,5368,5153,5158
MesoMazeStairCorridor,5384,5389,5156,5158
MesoMazeStorage,5363,5368,5147,5152
MesoMazePath,5369,5371,5156,5158
MesoMazeStairCorridor,5375,5377,5141,5146
MesoMazePath,5375,5377,5147,5149
MesoMazeStairCorridor,5369,5371,5147,5152
MesoMazeGrowth,5366,5371,5141,5146
MesoMazeStairCorridor,5357,5362,5147,5149
MesoMazeStairCorridor,5357,5362,5150,5152
MesoMazePath,5375,5377,5150,5152
MesoMazeSpiderTurn,5366,5371,5123,5128
MesoMazePath,5366,5368,5138,5140
MesoMazeSpiderTurn,5363,5368,5132,5137
MesoMazeCorridorCollapse,5363,5365,5138,5143
MesoMazeSpiderTurn,5351,5356,5150,5155
MesoMazeCorridorCollapse,5372,5377,5126,5128
MesoMazePath,5363,5365,5144,5146
MesoMazeStorage,5357,5362,5153,5158
MesoMazeGrowth,5378,5383,5126,5131
MesoMazeSpiderTurn,5378,5383,5147,5152
MesoMazeStairTurn,5390,5395,5153,5158
MesoMazePath,5366,5368,5144,5146
MesoMazePath,5381,5383,5153,5155
MesoMazeStairTurn,5384,5389,5129,5134
MesoMazePath,5378,5380,5153,5155
MesoMazeStorage,5381,5386,5123,5128
MesoMazeStairCorridor,5360,5362,5159,5164
MesoMazeCorridorCollapse,5357,5362,5132,5134
MesoMazePath,5378,5380,5126,5128
MesoMazePath,5378,5380,5123,5125
MesoMazeGrowth,5366,5371,5123,5128
MesoMazeZombieTable,5372,5377,5120,5125
MesoMazeStairCorridor,5357,5359,5159,5164
MesoMazePath,5378,5380,5120,5122
MesoMazeStairCorridor,5351,5353,5156,5161
MesoMazeCorridorCollapse,5351,5356,5132,5134
MesoMazePath,5360,5362,5165,5167
MesoMazePath,5357,5359,5165,5167
MesoMazeCorridorCollapse,5351,5356,5165,5167
MesoMazePath,5393,5395,5150,5152
MesoMazePath,5363,5365,5132,5134
MesoMazeStairTurn,5387,5392,5159,5164
MesoMazeZombieTable,5390,5395,5132,5137
MesoMazePath,5378,5380,5129,5131
MesoMazePath,5375,5377,5129,5131
MesoMazeCorridorCollapse,5393,5395,5144,5149
MesoMazeZombieTable,5384,5389,5135,5140
MesoMazePath,5348,5350,5132,5134
MesoMazePath,5393,5395,5150,5152
MesoMazePath,5387,5389,5165,5167
MesoMazePath,5348,5350,5165,5167
MesoMazePath,5381,5383,5120,5122
MesoMazePath,5363,5365,5123,5125
MesoMazePath,5375,5377,5120,5122
MesoMazePath,5348,5350,5132,5134
MesoMazeCorridorCollapse,5348,5350,5159,5164
MesoMazePath,5393,5395,5159,5161
MesoMazePath,5360,5362,5123,5125
MesoMazeSpiderTurn,5390,5395,5138,5143
MesoMazeStairTurn,5348,5353,5126,5131
MesoMazePath,5354,5356,5156,5158
MesoMazePath,5357,5359,5165,5167
MesoMazePath,5357,5359,5123,5125
MesoMazePath,5363,5365,5144,5146
MesoMazeSpiderTurn,5384,5389,5138,5143
MesoMazePath,5387,5389,5135,5137
MesoMazePath,5390,5392,5144,5146
MesoMazePath,5363,5365,5147,5149
MesoMazePath,5351,5353,5162,5164
MesoMazeGrowth,5378,5383,5132,5137
MesoMazeStairCorridor,5381,5383,5138,5143
MesoMazePath,5393,5395,5141,5143
MesoMazePath,5348,5350,5165,5167
MesoMazePath,5384,5386,5135,5137
MesoMazeStorage,5351,5356,5120,5125
MesoMazeCorridorCollapse,5348,5350,5153,5158
MesoMazeSpiderTurn,5357,5362,5120,5125
MesoMazeCorridorCollapse,5384,5389,5144,5146
MesoMazePath,5360,5362,5126,5128
MesoMazePath,5390,5392,5138,5140
MesoMazePath,5363,5365,5135,5137
MesoMazeGrowth,5360,5365,5126,5131
MesoMazePath,5381,5383,5129,5131
MesoMazePath,5354,5356,5123,5125
MesoMazeCorridorCollapse,5384,5389,5120,5122
MesoMazePath,5357,5359,5126,5128
MesoMazeZombieTable,5348,5353,5120,5125
MesoMazePath,5390,5392,5135,5137
MesoMazePath,5372,5374,5129,5131
MesoMazeCorridorCollapse,5366,5371,5120,5122
MesoMazePath,5390,5392,5144,5146
MesoMazePath,5360,5362,5129,5131
MesoMazePath,5363,5365,5129,5131
MesoMazeGrowth,5378,5383,5144,5149
MesoMazeSpiderTurn,5390,5395,5120,5125
MesoMazeGrowth,5390,5395,5129,5134
MesoMazeGrowth,5363,5368,5150,5155
MesoMazePath,5387,5389,5123,5125
MesoMazePath,5393,5395,5126,5128
MesoMazePath,5354,5356,5162,5164
MesoMazePath,5354,5356,5126,5128
MesoMazePath,5366,5368,5156,5158
MesoMazePath,5372,5374,5132,5134
MesoMazePath,5360,5362,5165,5167
MesoMazePath,5393,5395,5138,5140
MesoMazePath,5354,5356,5120,5122
MesoMazeZombieTable,5390,5395,5120,5125
MesoMazePath,5381,5383,5144,5146
MesoMazePath,5363,5365,5165,5167
MesoMazeStairTurn,5351,5356,5144,5149
MesoMazePath,5366,5368,5129,5131
MesoMazeStairCorridor,5387,5392,5150,5152
MesoMazePath,5369,5371,5132,5134
MesoMazePath,5372,5374,5135,5137
MesoMazeGrowth,5357,5362,5135,5140
MesoMazePath,5381,5383,5120,5122
MesoMazePath,5348,5350,5150,5152
MesoMazePath,5378,5380,5120,5122
MesoMazePath,5384,5386,5150,5152
MesoMazePath,5378,5380,5123,5125
MesoMazePath,5366,5368,5159,5161
MesoMazePath,5369,5371,5135,5137
MesoMazePath,5348,5350,5144,5146
MesoMazeCorridorCollapse,5366,5371,5165,5167
MesoMazePath,5372,5374,5120,5122
MesoMazePath,5372,5374,5123,5125
MesoMazePath,5351,5353,5141,5143
MesoMazePath,5348,5350,5141,5143
MesoMazePath,5369,5371,5129,5131
MesoMazeCorridorCollapse,5354,5359,5141,5143
MesoMazePath,5390,5392,5126,5128
MesoMazePath,5384,5386,5147,5149
MesoMazePath,5363,5365,5120,5122
MesoMazeZombieTable,5348,5353,5138,5143
MesoMazeCorridorCollapse,5372,5377,5165,5167
MesoMazePath,5354,5356,5138,5140
MesoMazePath,5360,5362,5141,5143
MesoMazePath,5357,5359,5126,5128
MesoMazePath,5393,5395,5135,5137
MesoMazePath,5381,5383,5123,5125
MesoMazePath,5348,5350,5147,5149
MesoMazePath,5375,5377,5132,5134
MesoMazePath,5354,5356,5159,5161
MesoMazeStorage,5378,5383,5162,5167
MesoMazePath,5363,5365,5120,5122
MesoMazePath,5348,5350,5138,5140
MesoMazePath,5363,5365,5126,5128
MesoMazePath,5390,5392,5147,5149
MesoMazePath,5360,5362,5138,5140
MesoMazePath,5363,5365,5159,5161
MesoMazePath,5363,5365,5165,5167
MesoMazePath,5384,5386,5165,5167
MesoMazePath,5351,5353,5138,5140
MesoMazePath,5381,5383,5159,5161
MesoMazePath,5354,5356,5156,5158
MesoMazePath,5390,5392,5141,5143
MesoMazeCorridorCollapse,5372,5377,5162,5164
MesoMazePath,5357,5359,5129,5131
MesoMazePath,5354,5356,5126,5128
MesoMazePath,5354,5356,5138,5140
MesoMazeZombieTable,5378,5383,5162,5167
MesoMazePath,5354,5356,5153,5155
MesoMazePath,5351,5353,5153,5155
MesoMazePath,5348,5350,5147,5149
MesoMazePath,5387,5389,5126,5128
MesoMazePath,5369,5371,5138,5140
MesoMazePath,5357,5359,5120,5122
MesoMazePath,5378,5380,5159,5161
MesoMazePath,5348,5350,5144,5146
MesoMazePath,5360,5362,5120,5122
MesoMazePath,5348,5350,5150,5152
MesoMazePath,5354,5356,5135,5137
MesoMazePath,5363,5365,5162,5164
MesoMazePath,5387,5389,5141,5143
MesoMazePath,5354,5356,5129,5131
MesoMazePath,5363,5365,5159,5161
MesoMazePath,5384,5386,5126,5128
MesoMazeGrowth,5366,5371,5159,5164
MesoMazePath,5351,5353,5135,5137
MesoMazePath,5387,5389,5147,5149
MesoMazePath,5384,5386,5141,5143
MesoMazePath,5369,5371,5162,5164
MesoMazePath,5387,5389,5123,5125
MesoMazePath,5387,5389,5126,5128
MesoMazePath,5375,5377,5123,5125
MesoMazePath,5354,5356,5150,5152
MesoMazePath,5351,5353,5150,5152
MesoMazePath,5357,5359,5135,5137
MesoMazePath,5348,5350,5135,5137
MesoMazePath,5384,5386,5162,5164
MesoMazePath,5360,5362,5135,5137
MesoMazePath,5390,5392,5126,5128
MesoMazePath,5357,5359,5138,5140
MesoMazePath,5357,5359,5156,5158
MesoMazePath,5360,5362,5141,5143
MesoMazePath,5360,5362,5144,5146
MesoMazePath,5375,5377,5147,5149
MesoMazePath,5357,5359,5153,5155
MesoMazePath,5360,5362,5153,5155
MesoMazePath,5384,5386,5159,5161
MesoMazePath,5375,5377,5159,5161
MesoMazePath,5354,5356,5129,5131
MesoMazePath,5372,5374,5159,5161
MesoMazePath,5357,5359,5129,5131
MesoMazePath,5369,5371,5159,5161
MesoMazePath,5369,5371,5156,5158
MesoMazePath,5369,5371,5153,5155
MesoMazePagoda,5348,5395,5120,5167
StonePlantMound,5379,5384,5354,5359
RLCraft_SmallUndergroundSkeleton,5471,5479,5131,5139
StonePlantMound1,5476,5482,5248,5254
StonePlantMound,5381,5386,5417,5422
StonePlantBoulder,5341,5351,5432,5442
StonePlantMound2,5409,5422,5470,5482
StonePlantMound3,5267,5278,5459,5468
RLCraft_DecentZombie,5355,5355,5496,5496
RLCraft_UndergroundRuin3,5349,5357,5491,5499
StonePlantMound3,5459,5470,5483,5492
StonePlantBoulder,5384,5394,5511,5521
RLCraft_4Towers,5298,5350,5492,5552
StonePlantMound,5255,5260,5532,5537
StonePlantBoulder,5532,5542,5537,5547
StoneBoulder,5501,5510,5579,5588
RLCraft_BasicSpider,5462,5462,5614,5614
RLCraft_UndergroundRuin1,5456,5465,5611,5620
SmallWoodenCottage,5579,5590,5605,5613
StonePlantMound,5205,5210,5585,5590
StonePlantBoulder,5621,5631,5492,5502
BrickHenge,5621,5637,5463,5479
StoneMazePath,5598,5600,5479,5481
StoneMazeStudy,5610,5618,5461,5475
StoneMazePath,5598,5600,5482,5484
StoneMazePath,5598,5600,5485,5487
StoneMazeStudy,5622,5630,5494,5508
StoneMazePath,5610,5612,5467,5469
StoneMazeLitRoom,5601,5606,5476,5481
StoneMazePath,5601,5603,5482,5484
StoneMazeSpiderRoom,5601,5606,5485,5490
StoneMazePath,5607,5609,5467,5469
StoneMazePath,5601,5603,5473,5475
StoneMazePath,5607,5609,5476,5478
StoneMazePath,5607,5609,5479,5481
StoneMazePath,5604,5606,5482,5484
StoneMazePath,5604,5606,5467,5469
StoneMazePath,5598,5600,5476,5478
StoneMazePath,5604,5606,5470,5472
StoneMazePath,5610,5612,5479,5481
StoneMazePath,5610,5612,5476,5478
StoneMazePath,5601,5603,5470,5472
StoneMazePath,5601,5603,5467,5469
StoneMazePath,5613,5615,5476,5478
StoneMazePath,5604,5606,5473,5475
StoneMazePath,5601,5603,5464,5466
StoneMazePath,5628,5630,5500,5502
StoneMazeLitRoom,5613,5618,5479,5484
StoneMazePath,5598,5600,5488,5490
StoneMazePath,5607,5609,5464,5466
StoneMazePath,5598,5600,5473,5475
StoneMazePath,5607,5609,5470,5472
StoneMazePath,5598,5600,5464,5466
StoneMazePath,5607,5609,5482,5484
StoneMazePath,5610,5612,5482,5484
StoneMazePath,5619,5621,5482,5484
StoneMazePath,5616,5618,5476,5478
StoneMazePath,5616,5618,5485,5487
StoneMazePath,5607,5609,5485,5487
StoneMazePath,5604,5606,5464,5466
StoneMazeEndChest,5616,5618,5488,5490
StoneMazePath,5601,5603,5461,5463
StoneMazePath,5598,5600,5491,5493
StoneMazePath,5604,5606,5461,5463
StoneMazeEndChest,5607,5609,5461,5463
StoneMazePath,5607,5609,5488,5490
StoneMazePath,5619,5621,5485,5487
StoneMazePath,5613,5615,5485,5487
StoneMazePath,5607,5609,5473,5475
StoneMazeShootingRange,5601,5609,5491,5496
StoneMazePath,5613,5615,5488,5490
StoneMazePath,5622,5624,5482,5484
StoneMazePath,5610,5612,5488,5490
StoneMazePath,5598,5600,5467,5469
StoneMazePath,5625,5627,5482,5484
StoneMazePath,5622,5624,5485,5487
StoneMazePath,5619,5621,5488,5490
StoneMazePath,5625,5627,5485,5487
StoneMazePathBig,5604,5612,5497,5505
StoneMazePath,5610,5612,5491,5493
StoneMazeSpiderRoom,5598,5603,5500,5505
StoneMazePath,5625,5627,5479,5481
StoneMazePath,5619,5621,5491,5493
StoneMazePath,5613,5615,5491,5493
StoneMazePath,5613,5615,5494,5496
StoneMazePath,5616,5618,5491,5493
StoneMazePath,5598,5600,5470,5472
StoneMazePath,5607,5609,5506,5508
StoneMazePath,5616,5618,5494,5496
StoneMazePath,5622,5624,5479,5481
StoneMazePath,5619,5621,5479,5481
StoneMazePath,5628,5630,5482,5484
StoneMazePath,5619,5621,5476,5478
StoneMazePath,5628,5630,5479,5481
StoneMazePath,5628,5630,5485,5487
StoneMazePath,5619,5621,5494,5496
StoneMazeEndChest,5610,5612,5485,5487
StoneMazePath,5628,5630,5488,5490
StoneMazePath,5622,5624,5491,5493
StoneMazePath,5616,5618,5497,5499
StoneMazeEndChest,5610,5612,5494,5496
StoneMazePath,5625,5627,5488,5490
StoneMazePath,5613,5615,5497,5499
StoneMazeEndChest,5598,5600,5461,5463
StoneMazePath,5622,5624,5488,5490
StoneMazePath,5619,5621,5473,5475
StoneMazePath,5622,5624,5476,5478
StoneMazePath,5625,5627,5491,5493
StoneMazePath,5619,5621,5470,5472
StoneMazePath,5628,5630,5491,5493
StoneMazePath,5619,5621,5467,5469
StoneMazePath,5625,5627,5476,5478
StoneMazePath,5628,5630,5476,5478
StoneMazePath,5625,5627,5470,5472
StoneMazePath,5613,5615,5500,5502
StoneMazePath,5613,5615,5503,5505
StoneMazePath,5619,5621,5464,5466
StoneMazePath,5625,5627,5473,5475
StoneMazePath,5622,5624,5464,5466
StoneMazePath,5613,5615,5506,5508
StoneMazePath,5622,5624,5467,5469
StoneMazePath,5625,5627,5467,5469
StoneMazePath,5616,5618,5503,5505
StoneMazePath,5619,5621,5503,5505
StoneMazeEndChest,5610,5612,5506,5508
StoneMazePath,5622,5624,5461,5463
StoneMazePath,5619,5621,5500,5502
StoneMazePath,5616,5618,5500,5502
StoneMazeEndChest,5619,5621,5506,5508
StoneMazePath,5625,5627,5461,5463
StoneMazePath,5616,5618,5506,5508
StoneMazeEndChest,5619,5621,5497,5499
StoneMazeEndChest,5625,5627,5464,5466
StoneMazePath,5628,5630,5461,5463
StoneMazeBig,5598,5645,5461,5508
