StonePlantMound4,6147,6154,5271,5278
StonePlantMound,6171,6176,5470,5475
StonePlantMound,6193,6198,5193,5198
StonePlantMound2,6177,6189,5483,5496
StonePlantMound3,6209,6218,5483,5494
StoneBoulder,6223,6232,5290,5299
StoneMazePath,6183,6185,5597,5599
StoneMazePath,6183,6185,5594,5596
StoneMazePath,6186,6188,5597,5599
StoneMazePath,6186,6188,5594,5596
StoneMazePath,6183,6185,5591,5593
StoneMazePathBig,6198,6206,5597,5605
StoneMazePath,6186,6188,5600,5602
StoneMazePath,6186,6188,5591,5593
StoneMazePath,6189,6191,5591,5593
StoneMazePath,6186,6188,5603,5605
StoneMazeSpiderRoom,6192,6197,5600,5605
StoneMazePath,6201,6203,5606,5608
StoneMazePath,6186,6188,5606,5608
StoneMazePath,6186,6188,5609,5611
StoneMazePath,6201,6203,5609,5611
StoneMazePath,6189,6191,5606,5608
StoneMazePath,6189,6191,5609,5611
StoneMazePath,6192,6194,5606,5608
StoneMazePath,6192,6194,5609,5611
StoneMazePath,6189,6191,5594,5596
StoneMazePath,6198,6200,5606,5608
StoneMazePathBig,6192,6200,5588,5596
StoneMazePath,6189,6191,5597,5599
StoneMazePath,6195,6197,5606,5608
StoneMazePath,6195,6197,5609,5611
StoneMazePath,6195,6197,5597,5599
StoneMazeSpiderRoom,6201,6206,5588,5593
StoneMazePath,6189,6191,5600,5602
StoneMazePath,6183,6185,5606,5608
StoneMazePath,6183,6185,5609,5611
StoneMazeEndChest,6189,6191,5603,5605
StoneMazeSmall,6183,6206,5588,5611
StonePlantMound3,6180,6189,5591,5602
StonePlantBoulder,6212,6222,5603,5613
P_WitchDungeon,6234,6251,5417,5451
