StonePlantMound1,6410,6416,7695,7701
StoneBoulder,6364,6373,7676,7685
StonePlantMound2,6345,6358,7713,7725
StonePlantBoulder,6346,6356,7763,7773
StonePlantMound4,6476,6483,7782,7789
MesoMazeStairCorridor,6530,6535,7835,7837
MesoMazeGrowth,6527,6532,7838,7843
MesoMazeStorage,6524,6529,7829,7834
MesoMazePath,6536,6538,7835,7837
MesoMazePath,6524,6526,7835,7837
MesoMazePath,6521,6523,7832,7834
MesoMazeStairCorridor,6536,6538,7829,7834
MesoMazeGrowth,6518,6523,7835,7840
MesoMazeCorridorCollapse,6536,6538,7838,7843
MesoMazeStairCorridor,6524,6526,7838,7843
MesoMazeStairTurn,6536,6541,7823,7828
MesoMazePath,6536,6538,7835,7837
MesoMazePath,6521,6523,7829,7831
MesoMazePath,6536,6538,7844,7846
MesoMazePath,6521,6523,7826,7828
MesoMazePath,6518,6520,7829,7831
MesoMazePath,6536,6538,7832,7834
MesoMazePath,6533,6535,7844,7846
MesoMazePath,6518,6520,7826,7828
MesoMazePath,6536,6538,7844,7846
MesoMazePath,6530,6532,7844,7846
MesoMazePath,6518,6520,7841,7843
MesoMazePath,6527,6529,7844,7846
MesoMazePath,6524,6526,7844,7846
MesoMazePath,6533,6535,7841,7843
MesoMazePath,6524,6526,7844,7846
MesoMazePath,6533,6535,7838,7840
MesoMazeGrowth,6527,6532,7841,7846
MesoMazePath,6533,6535,7826,7828
MesoMazePath,6533,6535,7844,7846
MesoMazePath,6521,6523,7844,7846
MesoMazePath,6518,6520,7844,7846
MesoMazeStorage,6530,6535,7820,7825
MesoMazeSpiderTurn,6527,6532,7826,7831
MesoMazeSpiderTurn,6524,6529,7820,7825
MesoMazeStairTurn,6518,6523,7841,7846
MesoMazePath,6539,6541,7820,7822
MesoMazePath,6515,6517,7841,7843
MesoMazePath,6533,6535,7841,7843
MesoMazeStairTurn,6521,6526,7826,7831
MesoMazePath,6512,6514,7841,7843
MesoMazeCorridorCollapse,6512,6514,7844,7849
MesoMazePath,6521,6523,7847,7849
MesoMazeStairCorridor,6524,6529,7847,7849
MesoMazePath,6512,6514,7850,7852
MesoMazeStorage,6518,6523,7832,7837
MesoMazeStairCorridor,6515,6520,7850,7852
MesoMazeStairCorridor,6512,6514,7838,7843
MesoMazePath,6521,6523,7850,7852
MesoMazeStairCorridor,6524,6529,7832,7834
MesoMazePath,6536,6538,7820,7822
MesoMazeZombieTable,6533,6538,7829,7834
MesoMazeStairTurn,6512,6517,7832,7837
MesoMazePath,6533,6535,7838,7840
MesoMazePath,6512,6514,7850,7852
MesoMazePath,6530,6532,7832,7834
MesoMazeStairCorridor,6515,6520,7829,7831
MesoMazeCorridorCollapse,6524,6529,7835,7837
MesoMazePath,6512,6514,7829,7831
MesoMazeCorridorCollapse,6512,6514,7823,7828
MesoMazeSpiderTurn,6530,6535,7835,7840
MesoMazeGrowth,6530,6535,7835,7840
MesoMazeStairCorridor,6536,6541,7838,7840
MesoMazeCorridorCollapse,6542,6547,7838,7840
MesoMazeCorridorCollapse,6506,6511,7835,7837
MesoMazeStairCorridor,6512,6514,7829,7834
MesoMazePath,6503,6505,7835,7837
MesoMazePath,6530,6532,7832,7834
MesoMazeGrowth,6515,6520,7826,7831
MesoMazeStairCorridor,6503,6505,7838,7843
MesoMazeStairCorridor,6503,6505,7844,7849
MesoMazePath,6530,6532,7829,7831
MesoMazePath,6533,6535,7829,7831
MesoMazePath,6518,6520,7847,7849
MesoMazeCorridorCollapse,6515,6517,7826,7831
MesoMazePath,6503,6505,7835,7837
MesoMazeStairCorridor,6515,6517,7820,7825
MesoMazePath,6527,6529,7838,7840
MesoMazeStairCorridor,6512,6514,7817,7822
MesoMazePath,6515,6517,7847,7849
MesoMazePath,6515,6517,7844,7846
MesoMazeZombieTable,6512,6517,7835,7840
MesoMazePath,6548,6550,7838,7840
MesoMazeStorage,6530,6535,7823,7828
MesoMazeCorridorCollapse,6503,6505,7850,7855
MesoMazePath,6515,6517,7823,7825
MesoMazePath,6539,6541,7838,7840
MesoMazePath,6515,6517,7820,7822
MesoMazePath,6512,6514,7820,7822
MesoMazePath,6512,6514,7823,7825
MesoMazeStorage,6536,6541,7832,7837
MesoMazeSpiderTurn,6512,6517,7820,7825
MesoMazeZombieTable,6503,6508,7856,7861
MesoMazePath,6512,6514,7820,7822
MesoMazePath,6518,6520,7823,7825
MesoMazeZombieTable,6542,6547,7829,7834
MesoMazePath,6527,6529,7829,7831
MesoMazeSpiderTurn,6530,6535,7844,7849
MesoMazePath,6533,6535,7832,7834
MesoMazeGrowth,6524,6529,7820,7825
MesoMazePath,6527,6529,7826,7828
MesoMazeZombieTable,6512,6517,7811,7816
MesoMazeCorridorCollapse,6521,6526,7838,7840
MesoMazeStairCorridor,6518,6523,7820,7822
MesoMazeStairCorridor,6539,6541,7841,7846
MesoMazePath,6536,6538,7838,7840
MesoMazeStairTurn,6539,6544,7847,7852
MesoMazeStairTurn,6524,6529,7841,7846
MesoMazePath,6530,6532,7841,7843
MesoMazeSpiderTurn,6512,6517,7835,7840
MesoMazePath,6548,6550,7838,7840
MesoMazeStairTurn,6536,6541,7826,7831
MesoMazeCorridorCollapse,6518,6523,7820,7822
MesoMazeStairCorridor,6518,6523,7823,7825
MesoMazeCorridorCollapse,6506,6508,7850,7855
MesoMazeStorage,6524,6529,7817,7822
MesoMazeStairTurn,6545,6550,7841,7846
MesoMazeStairCorridor,6512,6514,7829,7834
MesoMazePath,6512,6514,7826,7828
MesoMazePath,6515,6517,7832,7834
MesoMazeStairTurn,6548,6553,7832,7837
MesoMazeStairTurn,6536,6541,7832,7837
MesoMazePath,6545,6547,7847,7849
MesoMazeCorridorCollapse,6512,6517,7820,7822
MesoMazePath,6518,6520,7820,7822
MesoMazeStairCorridor,6506,6508,7844,7849
MesoMazeStairCorridor,6542,6547,7835,7837
MesoMazeStorage,6524,6529,7817,7822
MesoMazeCorridorCollapse,6524,6526,7823,7828
MesoMazeStairTurn,6533,6538,7838,7843
MesoMazePath,6515,6517,7832,7834
MesoMazeGrowth,6527,6532,7823,7828
MesoMazePath,6509,6511,7838,7840
MesoMazePath,6515,6517,7820,7822
MesoMazePath,6509,6511,7841,7843
MesoMazePath,6548,6550,7835,7837
MesoMazePath,6518,6520,7838,7840
MesoMazeStairTurn,6512,6517,7841,7846
MesoMazeStorage,6530,6535,7829,7834
MesoMazeStairCorridor,6518,6523,7844,7846
MesoMazePath,6548,6550,7832,7834
MesoMazeSpiderTurn,6539,6544,7835,7840
MesoMazeZombieTable,6515,6520,7814,7819
MesoMazeStairCorridor,6542,6544,7841,7846
MesoMazeCorridorCollapse,6518,6523,7817,7819
MesoMazePath,6533,6535,7826,7828
MesoMazePath,6533,6535,7841,7843
MesoMazeStairCorridor,6503,6505,7856,7861
MesoMazeSpiderTurn,6545,6550,7850,7855
MesoMazePath,6545,6547,7835,7837
MesoMazePath,6527,6529,7838,7840
MesoMazeStorage,6542,6547,7829,7834
MesoMazeStairCorridor,6512,6514,7835,7840
MesoMazeStorage,6518,6523,7814,7819
MesoMazePath,6521,6523,7835,7837
MesoMazeSpiderTurn,6524,6529,7814,7819
MesoMazeStairTurn,6521,6526,7808,7813
MesoMazePath,6521,6523,7832,7834
MesoMazeZombieTable,6512,6517,7823,7828
MesoMazeStairCorridor,6518,6523,7814,7816
MesoMazePath,6518,6520,7838,7840
MesoMazePath,6548,6550,7847,7849
MesoMazePath,6524,6526,7811,7813
MesoMazeStairTurn,6530,6535,7844,7849
MesoMazeCorridorCollapse,6539,6544,7853,7855
MesoMazeCorridorCollapse,6506,6508,7856,7861
MesoMazePath,6536,6538,7835,7837
MesoMazeCorridorCollapse,6509,6511,7844,7849
MesoMazeGrowth,6527,6532,7823,7828
MesoMazePath,6512,6514,7832,7834
MesoMazeGrowth,6518,6523,7823,7828
MesoMazeStairTurn,6506,6511,7823,7828
MesoMazePath,6527,6529,7847,7849
MesoMazeStairTurn,6503,6508,7838,7843
MesoMazePath,6527,6529,7844,7846
MesoMazeGrowth,6506,6511,7832,7837
MesoMazePath,6548,6550,7829,7831
MesoMazeCorridorCollapse,6533,6535,7820,7825
MesoMazeStairCorridor,6524,6529,7814,7816
MesoMazePath,6527,6529,7829,7831
MesoMazePath,6506,6508,7853,7855
MesoMazeSpiderTurn,6506,6511,7862,7867
MesoMazeStorage,6524,6529,7832,7837
MesoMazeStorage,6515,6520,7841,7846
MesoMazeGrowth,6506,6511,7829,7834
MesoMazePath,6506,6508,7850,7852
MesoMazeCorridorCollapse,6542,6547,7832,7834
MesoMazeStorage,6515,6520,7808,7813
MesoMazeSpiderTurn,6512,6517,7826,7831
MesoMazeStairCorridor,6539,6541,7841,7846
MesoMazeStairCorridor,6533,6538,7847,7849
MesoMazeStorage,6548,6553,7829,7834
MesoMazePath,6506,6508,7847,7849
MesoMazeCorridorCollapse,6530,6532,7850,7855
MesoMazeStairCorridor,6512,6517,7817,7819
MesoMazePath,6506,6508,7835,7837
MesoMazeStairTurn,6509,6514,7853,7858
MesoMazePath,6512,6514,7859,7861
MesoMazeCorridorCollapse,6542,6544,7823,7828
MesoMazeCorridorCollapse,6509,6514,7808,7810
MesoMazeCorridorCollapse,6506,6511,7820,7822
MesoMazePath,6521,6523,7823,7825
MesoMazeCorridorCollapse,6509,6511,7850,7855
MesoMazeCorridorCollapse,6500,6505,7835,7837
MesoMazeGrowth,6512,6517,7811,7816
MesoMazeSpiderTurn,6500,6505,7820,7825
MesoMazeCorridorCollapse,6506,6511,7811,7813
MesoMazeStorage,6509,6514,7856,7861
MesoMazeGrowth,6515,6520,7808,7813
MesoMazeCorridorCollapse,6527,6529,7847,7852
MesoMazePath,6521,6523,7820,7822
MesoMazeStorage,6500,6505,7862,7867
MesoMazePath,6539,6541,7847,7849
MesoMazePath,6497,6499,7835,7837
MesoMazePath,6509,6511,7841,7843
MesoMazeStorage,6509,6514,7844,7849
MesoMazeStairCorridor,6506,6511,7817,7819
MesoMazePath,6512,6514,7811,7813
MesoMazePath,6500,6502,7838,7840
MesoMazePath,6542,6544,7820,7822
MesoMazeZombieTable,6512,6517,7862,7867
MesoMazeStairCorridor,6500,6502,7841,7846
MesoMazeStairCorridor,6542,6544,7829,7834
MesoMazePath,6503,6505,7811,7813
MesoMazeStairCorridor,6512,6514,7850,7855
MesoMazeCorridorCollapse,6500,6502,7856,7861
MesoMazePath,6509,6511,7856,7858
MesoMazePath,6503,6505,7853,7855
MesoMazeStairTurn,6530,6535,7832,7837
MesoMazeStorage,6533,6538,7814,7819
MesoMazePath,6524,6526,7829,7831
MesoMazeSpiderTurn,6521,6526,7829,7834
MesoMazeStairCorridor,6530,6532,7856,7861
MesoMazeSpiderTurn,6497,6502,7850,7855
MesoMazeSpiderTurn,6524,6529,7838,7843
MesoMazePath,6515,6517,7817,7819
MesoMazePath,6527,6529,7811,7813
MesoMazeStorage,6527,6532,7844,7849
MesoMazeStairCorridor,6542,6544,7817,7822
MesoMazePath,6533,6535,7826,7828
MesoMazePath,6506,6508,7847,7849
MesoMazeCorridorCollapse,6515,6520,7859,7861
MesoMazeCorridorCollapse,6512,6517,7856,7858
MesoMazePath,6545,6547,7853,7855
MesoMazeSpiderTurn,6533,6538,7841,7846
MesoMazePath,6512,6514,7859,7861
MesoMazeGrowth,6509,6514,7847,7852
MesoMazeCorridorCollapse,6503,6508,7808,7810
MesoMazeStorage,6500,6505,7817,7822
MesoMazePath,6500,6502,7862,7864
MesoMazeSpiderTurn,6542,6547,7826,7831
MesoMazePath,6500,6502,7865,7867
MesoMazeGrowth,6524,6529,7841,7846
MesoMazeCorridorCollapse,6527,6529,7850,7855
MesoMazePath,6497,6499,7856,7858
MesoMazeCorridorCollapse,6533,6538,7853,7855
MesoMazePath,6497,6499,7859,7861
MesoMazeSpiderTurn,6506,6511,7823,7828
MesoMazeStairCorridor,6518,6523,7829,7831
MesoMazePath,6500,6502,7808,7810
MesoMazeStorage,6548,6553,7853,7858
MesoMazePath,6500,6502,7811,7813
MesoMazePath,6521,6523,7859,7861
MesoMazeSpiderTurn,6518,6523,7820,7825
MesoMazePath,6497,6499,7808,7810
MesoMazeCorridorCollapse,6518,6523,7856,7858
MesoMazePath,6530,6532,7853,7855
MesoMazeStairTurn,6536,6541,7820,7825
MesoMazePath,6515,6517,7856,7858
MesoMazePath,6536,6538,7847,7849
MesoMazeStorage,6521,6526,7853,7858
MesoMazePath,6524,6526,7823,7825
MesoMazePath,6542,6544,7847,7849
MesoMazePath,6503,6505,7850,7852
MesoMazePath,6530,6532,7862,7864
MesoMazeSpiderTurn,6548,6553,7835,7840
MesoMazePath,6506,6508,7817,7819
MesoMazeStairCorridor,6497,6499,7838,7843
MesoMazeSpiderTurn,6521,6526,7829,7834
MesoMazePath,6530,6532,7829,7831
MesoMazePath,6506,6508,7829,7831
MesoMazeSpiderTurn,6506,6511,7853,7858
MesoMazePath,6545,6547,7838,7840
MesoMazeStairTurn,6518,6523,7838,7843
MesoMazeStorage,6521,6526,7856,7861
MesoMazePath,6545,6547,7856,7858
MesoMazeSpiderTurn,6497,6502,7805,7810
MesoMazePath,6515,6517,7856,7858
MesoMazePath,6527,6529,7853,7855
MesoMazeStairCorridor,6515,6517,7850,7855
MesoMazeStairCorridor,6527,6529,7856,7861
MesoMazePath,6500,6502,7826,7828
MesoMazeStorage,6536,6541,7850,7855
MesoMazePath,6515,6517,7838,7840
MesoMazePath,6521,6523,7826,7828
MesoMazeStairCorridor,6548,6553,7838,7840
MesoMazeCorridorCollapse,6533,6538,7829,7831
MesoMazePath,6533,6535,7853,7855
MesoMazePath,6497,6499,7844,7846
MesoMazePath,6503,6505,7814,7816
MesoMazeStairCorridor,6503,6505,7826,7831
MesoMazePath,6536,6538,7844,7846
MesoMazeStorage,6545,6550,7847,7852
MesoMazePath,6527,6529,7862,7864
MesoMazePath,6515,6517,7859,7861
MesoMazePath,6497,6499,7835,7837
MesoMazePath,6530,6532,7853,7855
MesoMazePath,6515,6517,7829,7831
MesoMazeStairCorridor,6497,6499,7811,7816
MesoMazeStorage,6521,6526,7814,7819
MesoMazePath,6539,6541,7832,7834
MesoMazePath,6545,6547,7835,7837
MesoMazePath,6509,6511,7829,7831
MesoMazeCorridorCollapse,6542,6544,7820,7825
MesoMazeStairTurn,6524,6529,7835,7840
MesoMazePath,6509,6511,7859,7861
MesoMazePath,6551,6553,7850,7852
MesoMazeStairTurn,6530,6535,7814,7819
MesoMazeZombieTable,6524,6529,7844,7849
MesoMazeSpiderTurn,6542,6547,7850,7855
MesoMazeStorage,6524,6529,7823,7828
MesoMazeStorage,6539,6544,7853,7858
MesoMazePath,6527,6529,7856,7858
MesoMazePath,6524,6526,7805,7807
MesoMazePath,6530,6532,7814,7816
MesoMazeStorage,6521,6526,7862,7867
MesoMazePath,6515,6517,7814,7816
MesoMazePath,6518,6520,7856,7858
MesoMazePath,6503,6505,7817,7819
MesoMazePath,6536,6538,7853,7855
MesoMazePath,6527,6529,7829,7831
MesoMazeSpiderTurn,6539,6544,7835,7840
MesoMazeCorridorCollapse,6548,6553,7853,7855
MesoMazePath,6506,6508,7844,7846
MesoMazeCorridorCollapse,6542,6547,7823,7825
MesoMazeSpiderTurn,6542,6547,7853,7858
MesoMazePath,6521,6523,7844,7846
MesoMazeStairCorridor,6515,6517,7841,7846
MesoMazePath,6524,6526,7820,7822
MesoMazeSpiderTurn,6539,6544,7826,7831
MesoMazeStairCorridor,6530,6532,7847,7852
MesoMazePath,6524,6526,7823,7825
MesoMazePath,6497,6499,7862,7864
MesoMazeZombieTable,6548,6553,7832,7837
MesoMazePath,6536,6538,7838,7840
MesoMazePath,6527,6529,7856,7858
MesoMazePath,6530,6532,7826,7828
MesoMazePath,6521,6523,7841,7843
MesoMazeStairCorridor,6503,6505,7820,7825
MesoMazePath,6530,6532,7829,7831
MesoMazePath,6527,6529,7829,7831
MesoMazeCorridorCollapse,6527,6532,7805,7807
MesoMazePath,6545,6547,7838,7840
MesoMazeGrowth,6545,6550,7847,7852
MesoMazeStairCorridor,6533,6538,7856,7858
MesoMazeStairCorridor,6539,6541,7847,7852
MesoMazePath,6536,6538,7856,7858
MesoMazeSpiderTurn,6548,6553,7820,7825
MesoMazePath,6536,6538,7850,7852
MesoMazeStairCorridor,6539,6544,7856,7858
MesoMazePath,6515,6517,7847,7849
MesoMazePath,6539,6541,7838,7840
MesoMazeSpiderTurn,6503,6508,7826,7831
MesoMazePath,6497,6499,7865,7867
MesoMazeZombieTable,6542,6547,7829,7834
MesoMazePath,6536,6538,7832,7834
MesoMazePath,6527,6529,7832,7834
MesoMazePath,6512,6514,7814,7816
MesoMazeStairCorridor,6533,6535,7856,7861
MesoMazeSpiderTurn,6509,6514,7826,7831
MesoMazeGrowth,6548,6553,7856,7861
MesoMazeStorage,6527,6532,7814,7819
MesoMazePath,6524,6526,7805,7807
MesoMazePath,6551,6553,7847,7849
MesoMazePath,6524,6526,7856,7858
MesoMazePath,6539,6541,7829,7831
MesoMazeGrowth,6548,6553,7847,7852
MesoMazePath,6503,6505,7832,7834
MesoMazePath,6503,6505,7823,7825
MesoMazePath,6542,6544,7850,7852
MesoMazePath,6512,6514,7838,7840
MesoMazePath,6515,6517,7844,7846
MesoMazePath,6524,6526,7820,7822
MesoMazePath,6515,6517,7856,7858
MesoMazePath,6530,6532,7856,7858
MesoMazePath,6506,6508,7844,7846
MesoMazePath,6536,6538,7838,7840
MesoMazeStairCorridor,6542,6544,7814,7819
MesoMazePath,6503,6505,7826,7828
MesoMazeStairCorridor,6506,6508,7838,7843
MesoMazePath,6518,6520,7856,7858
MesoMazePath,6518,6520,7826,7828
MesoMazePath,6500,6502,7829,7831
MesoMazeZombieTable,6527,6532,7829,7834
MesoMazePath,6518,6520,7853,7855
MesoMazeGrowth,6518,6523,7853,7858
MesoMazeSpiderTurn,6539,6544,7841,7846
MesoMazeStairTurn,6536,6541,7820,7825
MesoMazeStairCorridor,6530,6532,7841,7846
MesoMazeGrowth,6527,6532,7838,7843
MesoMazePath,6503,6505,7811,7813
MesoMazeStairCorridor,6521,6526,7838,7840
MesoMazePath,6527,6529,7832,7834
MesoMazePath,6524,6526,7862,7864
MesoMazePath,6524,6526,7844,7846
MesoMazePath,6533,6535,7838,7840
MesoMazePath,6554,6556,7847,7849
MesoMazePath,6515,6517,7853,7855
MesoMazePath,6536,6538,7844,7846
MesoMazePath,6518,6520,7823,7825
MesoMazePath,6509,6511,7859,7861
MesoMazePath,6500,6502,7823,7825
MesoMazePath,6542,6544,7835,7837
MesoMazePath,6530,6532,7817,7819
MesoMazeSpiderTurn,6539,6544,7814,7819
MesoMazePath,6497,6499,7829,7831
MesoMazeStairCorridor,6509,6511,7820,7825
MesoMazeZombieTable,6533,6538,7805,7810
MesoMazePath,6524,6526,7853,7855
MesoMazePath,6518,6520,7820,7822
MesoMazePath,6545,6547,7820,7822
MesoMazeGrowth,6533,6538,7820,7825
MesoMazePath,6512,6514,7823,7825
MesoMazePath,6500,6502,7832,7834
MesoMazePath,6530,6532,7835,7837
MesoMazePath,6509,6511,7838,7840
MesoMazeGrowth,6506,6511,7832,7837
MesoMazeStairCorridor,6545,6547,7820,7825
MesoMazePath,6536,6538,7814,7816
MesoMazePath,6509,6511,7862,7864
MesoMazePath,6527,6529,7820,7822
MesoMazePath,6542,6544,7811,7813
MesoMazePath,6551,6553,7838,7840
MesoMazePath,6509,6511,7865,7867
MesoMazePath,6554,6556,7838,7840
MesoMazePath,6533,6535,7856,7858
MesoMazeStorage,6524,6529,7853,7858
MesoMazePath,6542,6544,7847,7849
MesoMazePath,6533,6535,7835,7837
MesoMazePath,6500,6502,7826,7828
MesoMazePath,6539,6541,7820,7822
MesoMazeZombieTable,6521,6526,7847,7852
MesoMazeCorridorCollapse,6518,6523,7805,7807
MesoMazePath,6509,6511,7829,7831
MesoMazeGrowth,6533,6538,7808,7813
MesoMazeCorridorCollapse,6503,6508,7805,7807
MesoMazePath,6509,6511,7850,7852
MesoMazePath,6524,6526,7859,7861
MesoMazeStairCorridor,6545,6547,7814,7819
MesoMazePath,6527,6529,7865,7867
MesoMazeStairCorridor,6530,6535,7835,7837
MesoMazePath,6533,6535,7853,7855
MesoMazePath,6533,6535,7859,7861
MesoMazePath,6536,6538,7826,7828
MesoMazePath,6548,6550,7826,7828
MesoMazeSpiderTurn,6539,6544,7847,7852
MesoMazePath,6551,6553,7829,7831
MesoMazePath,6497,6499,7826,7828
MesoMazeStairCorridor,6536,6541,7811,7813
MesoMazePath,6536,6538,7817,7819
MesoMazePath,6500,6502,7811,7813
MesoMazeSpiderTurn,6548,6553,7823,7828
MesoMazePath,6530,6532,7856,7858
MesoMazePath,6533,6535,7805,7807
MesoMazePath,6527,6529,7823,7825
MesoMazeGrowth,6527,6532,7829,7834
MesoMazePath,6497,6499,7823,7825
MesoMazePath,6521,6523,7844,7846
MesoMazePath,6545,6547,7826,7828
MesoMazePath,6521,6523,7853,7855
MesoMazeCorridorCollapse,6509,6514,7805,7807
MesoMazePath,6524,6526,7859,7861
MesoMazePath,6497,6499,7832,7834
MesoMazePath,6527,6529,7859,7861
MesoMazePath,6551,6553,7841,7843
MesoMazePath,6515,6517,7805,7807
MesoMazeSpiderTurn,6497,6502,7829,7834
MesoMazeCorridorCollapse,6554,6556,7841,7846
MesoMazePath,6554,6556,7853,7855
MesoMazeStorage,6509,6514,7814,7819
MesoMazePath,6557,6559,7838,7840
MesoMazePath,6530,6532,7823,7825
MesoMazePath,6527,6529,7859,7861
MesoMazePath,6545,6547,7850,7852
MesoMazeSpiderTurn,6515,6520,7847,7852
MesoMazePath,6506,6508,7850,7852
MesoMazePath,6536,6538,7817,7819
MesoMazePath,6548,6550,7823,7825
MesoMazeGrowth,6554,6559,7835,7840
MesoMazePath,6515,6517,7805,7807
MesoMazePath,6554,6556,7853,7855
MesoMazePath,6509,6511,7811,7813
MesoMazePath,6512,6514,7823,7825
MesoMazeCorridorCollapse,6518,6520,7847,7852
MesoMazePath,6521,6523,7847,7849
MesoMazeGrowth,6542,6547,7835,7840
MesoMazeZombieTable,6545,6550,7844,7849
MesoMazePath,6497,6499,7820,7822
MesoMazePath,6515,6517,7832,7834
MesoMazePath,6536,6538,7850,7852
MesoMazePath,6545,6547,7811,7813
MesoMazePath,6533,6535,7850,7852
MesoMazeSpiderTurn,6530,6535,7814,7819
MesoMazePath,6539,6541,7817,7819
MesoMazePath,6536,6538,7835,7837
MesoMazeStorage,6509,6514,7847,7852
MesoMazePath,6518,6520,7844,7846
MesoMazePath,6497,6499,7847,7849
MesoMazePath,6524,6526,7850,7852
MesoMazePath,6530,6532,7826,7828
MesoMazePath,6506,6508,7847,7849
MesoMazePath,6557,6559,7853,7855
MesoMazeStairCorridor,6557,6559,7841,7846
MesoMazePath,6518,6520,7838,7840
MesoMazePath,6524,6526,7820,7822
MesoMazePath,6524,6526,7856,7858
MesoMazePath,6506,6508,7862,7864
MesoMazeStairCorridor,6530,6535,7811,7813
MesoMazePath,6551,6553,7844,7846
MesoMazePath,6545,6547,7826,7828
MesoMazePath,6536,6538,7814,7816
MesoMazePath,6536,6538,7853,7855
MesoMazeCorridorCollapse,6557,6559,7829,7834
MesoMazePath,6545,6547,7823,7825
MesoMazePath,6518,6520,7817,7819
MesoMazePath,6530,6532,7859,7861
MesoMazePath,6557,6559,7847,7849
MesoMazePath,6554,6556,7835,7837
MesoMazePath,6524,6526,7859,7861
MesoMazePath,6524,6526,7847,7849
MesoMazePath,6539,6541,7814,7816
MesoMazePath,6497,6499,7805,7807
MesoMazePath,6545,6547,7817,7819
MesoMazePath,6530,6532,7820,7822
MesoMazePath,6545,6547,7853,7855
MesoMazePath,6506,6508,7865,7867
MesoMazePath,6557,6559,7850,7852
MesoMazePath,6515,6517,7835,7837
MesoMazeZombieTable,6536,6541,7814,7819
MesoMazePath,6530,6532,7808,7810
MesoMazePath,6554,6556,7850,7852
MesoMazePath,6512,6514,7853,7855
MesoMazePath,6548,6550,7826,7828
MesoMazePath,6524,6526,7832,7834
MesoMazePath,6503,6505,7862,7864
MesoMazePath,6506,6508,7811,7813
MesoMazePath,6503,6505,7811,7813
MesoMazeCorridorCollapse,6548,6550,7814,7819
MesoMazePath,6536,6538,7859,7861
MesoMazePath,6539,6541,7823,7825
MesoMazePath,6548,6550,7820,7822
MesoMazePath,6554,6556,7847,7849
MesoMazePath,6548,6550,7853,7855
MesoMazePath,6536,6538,7841,7843
MesoMazePath,6503,6505,7865,7867
MesoMazePath,6539,6541,7853,7855
MesoMazePath,6524,6526,7850,7852
MesoMazeStorage,6548,6553,7841,7846
MesoMazeStorage,6533,6538,7862,7867
MesoMazePath,6557,6559,7835,7837
MesoMazePath,6536,6538,7826,7828
MesoMazePath,6533,6535,7853,7855
MesoMazePath,6521,6523,7853,7855
MesoMazePath,6518,6520,7853,7855
MesoMazePath,6533,6535,7850,7852
MesoMazePath,6518,6520,7844,7846
MesoMazePath,6536,6538,7856,7858
MesoMazePath,6518,6520,7844,7846
MesoMazePath,6545,6547,7847,7849
MesoMazePath,6548,6550,7829,7831
MesoMazePath,6554,6556,7856,7858
MesoMazePath,6530,6532,7838,7840
MesoMazePath,6521,6523,7844,7846
MesoMazePath,6515,6517,7823,7825
MesoMazePath,6545,6547,7841,7843
MesoMazePath,6551,6553,7847,7849
MesoMazePath,6497,6499,7823,7825
MesoMazePath,6509,6511,7817,7819
MesoMazePath,6497,6499,7826,7828
MesoMazePath,6521,6523,7832,7834
MesoMazePath,6527,6529,7835,7837
MesoMazePath,6500,6502,7805,7807
MesoMazeCorridorCollapse,6551,6553,7814,7819
MesoMazeZombieTable,6521,6526,7847,7852
MesoMazePath,6539,6541,7832,7834
MesoMazePath,6497,6499,7817,7819
MesoMazePath,6557,6559,7847,7849
MesoMazePath,6524,6526,7829,7831
MesoMazeSpiderTurn,6518,6523,7859,7864
MesoMazePath,6548,6550,7856,7858
MesoMazePath,6524,6526,7844,7846
MesoMazeSpiderTurn,6515,6520,7832,7837
MesoMazePath,6527,6529,7826,7828
MesoMazePath,6515,6517,7841,7843
MesoMazePath,6503,6505,7847,7849
MesoMazePath,6530,6532,7853,7855
MesoMazePath,6554,6556,7832,7834
MesoMazePath,6515,6517,7853,7855
MesoMazePath,6515,6517,7838,7840
MesoMazePath,6536,6538,7847,7849
MesoMazePath,6524,6526,7817,7819
MesoMazePath,6527,6529,7811,7813
MesoMazePath,6521,6523,7835,7837
MesoMazePath,6530,6532,7859,7861
MesoMazePath,6548,6550,7811,7813
MesoMazePath,6551,6553,7811,7813
MesoMazePath,6551,6553,7820,7822
MesoMazePath,6515,6517,7838,7840
MesoMazePath,6548,6550,7850,7852
MesoMazePath,6518,6520,7865,7867
MesoMazePath,6524,6526,7811,7813
MesoMazePath,6548,6550,7811,7813
MesoMazePath,6530,6532,7841,7843
MesoMazePath,6530,6532,7820,7822
MesoMazePath,6503,6505,7829,7831
MesoMazePath,6518,6520,7865,7867
MesoMazePath,6515,6517,7838,7840
MesoMazePath,6542,6544,7826,7828
MesoMazePath,6533,6535,7820,7822
MesoMazePath,6539,6541,7829,7831
MesoMazePath,6503,6505,7832,7834
MesoMazePath,6536,6538,7835,7837
MesoMazePath,6506,6508,7844,7846
MesoMazePath,6557,6559,7856,7858
MesoMazePath,6554,6556,7850,7852
MesoMazePath,6512,6514,7841,7843
MesoMazePath,6521,6523,7841,7843
MesoMazePath,6500,6502,7817,7819
MesoMazePath,6518,6520,7841,7843
MesoMazePath,6545,6547,7856,7858
MesoMazeZombieTable,6527,6532,7823,7828
MesoMazePath,6506,6508,7841,7843
MesoMazeStairCorridor,6551,6556,7826,7828
MesoMazePath,6557,6559,7853,7855
MesoMazePath,6527,6529,7838,7840
MesoMazePath,6521,6523,7850,7852
MesoMazePath,6524,6526,7853,7855
MesoMazePath,6548,6550,7817,7819
MesoMazePath,6530,6532,7823,7825
MesoMazePath,6524,6526,7853,7855
MesoMazePath,6545,6547,7811,7813
MesoMazePath,6548,6550,7820,7822
MesoMazePath,6527,6529,7808,7810
MesoMazePath,6518,6520,7862,7864
MesoMazePath,6500,6502,7814,7816
MesoMazePath,6551,6553,7811,7813
MesoMazePath,6524,6526,7835,7837
MesoMazePath,6506,6508,7814,7816
MesoMazePath,6503,6505,7832,7834
MesoMazePath,6518,6520,7853,7855
MesoMazePath,6554,6556,7829,7831
MesoMazePath,6503,6505,7814,7816
MesoMazePath,6545,6547,7820,7822
MesoMazePath,6527,6529,7841,7843
MesoMazePath,6509,6511,7814,7816
MesoMazeStairCorridor,6539,6544,7859,7861
MesoMazePath,6542,6544,7811,7813
MesoMazePath,6527,6529,7817,7819
MesoMazePath,6551,6553,7841,7843
MesoMazePath,6551,6553,7844,7846
MesoMazePath,6551,6553,7829,7831
MesoMazePath,6521,6523,7811,7813
MesoMazePath,6521,6523,7865,7867
MesoMazePath,6536,6538,7844,7846
MesoMazePath,6521,6523,7850,7852
MesoMazePath,6557,6559,7850,7852
MesoMazePath,6500,6502,7814,7816
MesoMazePath,6533,6535,7826,7828
MesoMazePath,6539,6541,7838,7840
MesoMazePath,6524,6526,7850,7852
MesoMazeStairCorridor,6545,6550,7859,7861
MesoMazePath,6521,6523,7847,7849
MesoMazePath,6527,6529,7820,7822
MesoMazePath,6530,6532,7820,7822
MesoMazePath,6524,6526,7841,7843
MesoMazePath,6530,6532,7850,7852
MesoMazePath,6518,6520,7811,7813
MesoMazePath,6521,6523,7817,7819
MesoMazePath,6518,6520,7850,7852
MesoMazePath,6530,6532,7865,7867
MesoMazePath,6500,6502,7847,7849
MesoMazePath,6524,6526,7841,7843
MesoMazeGrowth,6497,6502,7850,7855
MesoMazePath,6545,6547,7817,7819
MesoMazePath,6515,6517,7865,7867
MesoMazeGrowth,6521,6526,7826,7831
MesoMazePath,6533,6535,7823,7825
MesoMazePath,6521,6523,7853,7855
MesoMazePath,6503,6505,7814,7816
MesoMazePath,6551,6553,7859,7861
MesoMazePath,6557,6559,7826,7828
MesoMazePath,6554,6556,7859,7861
MesoMazePath,6542,6544,7814,7816
MesoMazePath,6527,6529,7820,7822
MesoMazePath,6521,6523,7832,7834
MesoMazePath,6503,6505,7817,7819
MesoMazePath,6506,6508,7814,7816
MesoMazePath,6539,6541,7814,7816
MesoMazePath,6548,6550,7814,7816
MesoMazePath,6533,6535,7838,7840
MesoMazePath,6521,6523,7844,7846
MesoMazePath,6539,6541,7811,7813
MesoMazePath,6551,6553,7856,7858
MesoMazePath,6515,6517,7853,7855
MesoMazePath,6497,6499,7862,7864
MesoMazePath,6542,6544,7838,7840
MesoMazePath,6545,6547,7844,7846
MesoMazePath,6533,6535,7850,7852
MesoMazePath,6530,6532,7838,7840
MesoMazePath,6503,6505,7844,7846
MesoMazePath,6551,6553,7853,7855
MesoMazePath,6515,6517,7835,7837
MesoMazeStairCorridor,6518,6523,7841,7843
MesoMazePath,6506,6508,7829,7831
MesoMazePath,6533,6535,7829,7831
MesoMazePath,6512,6514,7811,7813
MesoMazePath,6545,6547,7814,7816
MesoMazePath,6515,6517,7832,7834
MesoMazePath,6557,6559,7826,7828
MesoMazePath,6527,6529,7811,7813
MesoMazePath,6533,6535,7820,7822
MesoMazePath,6533,6535,7832,7834
MesoMazePath,6539,6541,7817,7819
MesoMazePath,6545,6547,7844,7846
MesoMazePath,6524,6526,7865,7867
MesoMazePath,6521,6523,7850,7852
MesoMazeStairCorridor,6557,6559,7820,7825
MesoMazePath,6521,6523,7835,7837
MesoMazePath,6536,6538,7811,7813
MesoMazePath,6515,6517,7862,7864
MesoMazePath,6509,6511,7841,7843
MesoMazePath,6530,6532,7820,7822
MesoMazePath,6521,6523,7814,7816
MesoMazePath,6536,6538,7859,7861
MesoMazePath,6512,6514,7835,7837
MesoMazePath,6524,6526,7847,7849
MesoMazePath,6557,6559,7859,7861
MesoMazePath,6527,6529,7850,7852
MesoMazePath,6533,6535,7817,7819
MesoMazePath,6530,6532,7820,7822
MesoMazePath,6515,6517,7850,7852
MesoMazePath,6512,6514,7862,7864
MesoMazePath,6545,6547,7820,7822
MesoMazePath,6506,6508,7826,7828
MesoMazePath,6542,6544,7814,7816
MesoMazePath,6533,6535,7811,7813
MesoMazePath,6509,6511,7838,7840
MesoMazeZombieTable,6548,6553,7841,7846
MesoMazePath,6545,6547,7841,7843
MesoMazePath,6530,6532,7811,7813
MesoMazePath,6518,6520,7853,7855
MesoMazeCorridorCollapse,6506,6508,7820,7825
MesoMazePath,6506,6508,7838,7840
MesoMazePath,6527,6529,7853,7855
MesoMazePath,6542,6544,7820,7822
MesoMazePath,6518,6520,7835,7837
MesoMazePath,6506,6508,7817,7819
MesoMazePath,6524,6526,7832,7834
MesoMazePath,6509,6511,7844,7846
MesoMazePath,6518,6520,7814,7816
MesoMazeSpiderTurn,6554,6559,7814,7819
MesoMazePath,6515,6517,7847,7849
MesoMazePath,6509,6511,7817,7819
MesoMazePath,6521,6523,7847,7849
MesoMazeStairTurn,6548,6553,7817,7822
MesoMazePath,6506,6508,7817,7819
MesoMazePath,6548,6550,7829,7831
MesoMazeSpiderTurn,6548,6553,7811,7816
MesoMazePath,6539,6541,7814,7816
MesoMazeGrowth,6548,6553,7811,7816
MesoMazePath,6518,6520,7847,7849
MesoMazePath,6554,6556,7820,7822
MesoMazePath,6548,6550,7808,7810
MesoMazePath,6554,6556,7823,7825
MesoMazePath,6548,6550,7805,7807
MesoMazePath,6548,6550,7808,7810
MesoMazePath,6545,6547,7829,7831
MesoMazeZombieTable,6506,6511,7811,7816
MesoMazeCorridorCollapse,6542,6547,7805,7807
MesoMazePath,6539,6541,7805,7807
MesoMazePath,6506,6508,7814,7816
MesoMazePath,6518,6520,7850,7852
MesoMazePath,6503,6505,7817,7819
MesoMazePath,6536,6538,7814,7816
MesoMazePath,6539,6541,7805,7807
MesoMazePath,6539,6541,7808,7810
MesoMazePath,6548,6550,7805,7807
MesoMazePath,6554,6556,7811,7813
MesoMazePath,6533,6535,7814,7816
MesoMazeSpiderTurn,6551,6556,7805,7810
MesoMazePath,6548,6550,7823,7825
MesoMazePath,6509,6511,7844,7846
MesoMazeGrowth,6542,6547,7808,7813
MesoMazePath,6545,6547,7808,7810
MesoMazePath,6539,6541,7808,7810
MesoMazePath,6545,6547,7826,7828
MesoMazePath,6539,6541,7811,7813
MesoMazePath,6542,6544,7808,7810
MesoMazePath,6512,6514,7844,7846
MesoMazePath,6548,6550,7826,7828
MesoMazePath,6548,6550,7823,7825
MesoMazePath,6551,6553,7823,7825
MesoMazePath,6554,6556,7823,7825
TemplePyramid1,6479,6577,7786,7886
StonePlantMound4,6635,6642,7837,7844
StonePlantBoulder,6645,6655,7921,7931
ClayWaterMound1,6475,6485,7935,7946
ClayWaterMound1,6400,6410,7988,7999
StonePlantBoulder,6376,6386,8055,8065
ElvenPond,6277,6306,7884,7914
StonePlantMound2,6211,6224,7761,7773
StonePlantBoulder,6195,6205,7809,7819
