RLCraft_FriendlyOutpost,7102,7170,5233,5272
RLCraft_BasicWitch,7143,7143,5366,5366
RLCraft_UndergroundRuin1,7140,7149,5360,5369
StoneLeafMound,7084,7091,5438,5447
StonePlantMound,7032,7037,5296,5301
RLCraft_BasicSkeleton,7018,7018,5356,5356
RLCraft_UndergroundRuin1,7012,7021,5350,5359
MeteorSite,6994,7009,5288,5318
StoneLeafMound,6994,7003,5247,5254
WoodWallRemains,6946,6974,5367,5375
RLCraft_UndergroundFarm,6921,6963,5170,5213
SmallOutpost,6937,6959,5211,5241
StonePlantMound,6906,6911,5311,5316
StonePlantMound4,6910,6917,5370,5377
WitchPillars,6870,6887,5231,5248
StoneLeafMound,6776,6783,5316,5325
StonePlantMound2,6780,6793,5367,5379
StoneMazePathBig,6687,6695,5310,5318
StoneMazePath,6678,6680,5304,5306
StoneMazeFountain,6705,6713,5298,5306
StoneMazePath,6708,6710,5307,5309
StoneMazePath,6678,6680,5307,5309
StoneMazeStudy,6690,6698,5283,5297
StoneMazeSpiderRoom,6687,6692,5304,5309
StoneMazePath,6702,6704,5301,5303
StoneMazePath,6705,6707,5307,5309
StoneMazePath,6702,6704,5298,5300
StoneMazePath,6690,6692,5289,5291
StoneMazePathBig,6681,6689,5286,5294
StoneMazePath,6702,6704,5304,5306
StoneMazePath,6702,6704,5307,5309
StoneMazePath,6678,6680,5310,5312
StoneMazePathBig,6681,6689,5295,5303
StoneMazePath,6678,6680,5313,5315
StoneMazePath,6678,6680,5289,5291
StoneMazePath,6684,6686,5304,5306
StoneMazePath,6678,6680,5298,5300
StoneMazeEndChest,6708,6710,5310,5312
StoneMazePath,6690,6692,5298,5300
StoneMazePath,6684,6686,5307,5309
StoneMazePath,6678,6680,5295,5297
StoneMazePath,6702,6704,5310,5312
StoneMazePath,6681,6683,5313,5315
StoneMazePath,6684,6686,5313,5315
StoneMazePath,6702,6704,5295,5297
StoneMazePath,6678,6680,5292,5294
StoneMazePath,6699,6701,5295,5297
StoneMazePath,6699,6701,5298,5300
StoneMazePath,6702,6704,5292,5294
StoneMazePath,6696,6698,5313,5315
StoneMazePath,6684,6686,5283,5285
StoneMazePath,6681,6683,5307,5309
StoneMazeEndChest,6681,6683,5304,5306
StoneMazeEndChest,6684,6686,5316,5318
StoneMazePath,6681,6683,5310,5312
StoneMazePath,6684,6686,5310,5312
StoneMazePath,6699,6701,5307,5309
StoneMazePath,6699,6701,5313,5315
StoneMazePath,6699,6701,5304,5306
StoneMazePath,6699,6701,5310,5312
StoneMazePath,6699,6701,5292,5294
StoneMazePath,6681,6683,5316,5318
StoneMazePath,6696,6698,5298,5300
StoneMazePath,6699,6701,5289,5291
StoneMazePath,6696,6698,5307,5309
StoneMazePath,6678,6680,5316,5318
StoneMazePath,6696,6698,5304,5306
StoneMazePath,6696,6698,5310,5312
StoneMazePath,6699,6701,5316,5318
StoneMazePath,6696,6698,5316,5318
StoneMazePath,6699,6701,5301,5303
StoneMazePath,6693,6695,5307,5309
StoneMazePath,6693,6695,5298,5300
StoneMazePath,6696,6698,5301,5303
StoneMazePath,6702,6704,5289,5291
StoneMazePath,6705,6707,5292,5294
StoneMazeEndChest,6687,6689,5283,5285
StoneMazePath,6702,6704,5286,5288
StoneMazePath,6693,6695,5301,5303
StoneMazePath,6705,6707,5295,5297
StoneMazePath,6693,6695,5304,5306
StoneMazePath,6705,6707,5289,5291
StoneMazePath,6702,6704,5283,5285
StoneMazeEndChest,6690,6692,5301,5303
StoneMazeEndChest,6702,6704,5313,5315
StoneMazePath,6705,6707,5286,5288
StoneMazePath,6702,6704,5316,5318
StoneMazePath,6705,6707,5283,5285
StoneMazePath,6708,6710,5289,5291
StoneMazePath,6708,6710,5286,5288
StoneMazePath,6711,6713,5286,5288
StoneMazePath,6711,6713,5283,5285
StoneMazeEndChest,6708,6710,5283,5285
StoneMaze,6678,6713,5283,5318
StonePlantMound2,6776,6788,5400,5413
StoneBoulder,6723,6732,5426,5435
WoodThornBig,6808,6821,5421,5434
MesoMazeStairCorridor,6671,6676,5389,5391
MesoMazeStairCorridor,6671,6676,5392,5394
MesoMazePath,6668,6670,5389,5391
MesoMazePath,6668,6670,5392,5394
MesoMazeGrowth,6668,6673,5383,5388
MesoMazePath,6668,6670,5392,5394
MesoMazePath,6665,6667,5392,5394
MesoMazePath,6665,6667,5389,5391
MesoMazePath,6668,6670,5389,5391
MesoMazePath,6668,6670,5386,5388
MesoMazePath,6665,6667,5392,5394
MesoMazeZombieTable,6668,6673,5380,5385
MesoMazePath,6671,6673,5386,5388
MesoMazePath,6665,6667,5389,5391
MesoMazePath,6674,6676,5386,5388
MesoMazeStairCorridor,6665,6667,5383,5388
MesoMazePath,6665,6667,5380,5382
MesoMazePath,6674,6676,5383,5385
MesoMazePath,6674,6676,5380,5382
MesoMazePath,6665,6667,5377,5379
MesoMazePath,6665,6667,5374,5376
MesoMazePath,6674,6676,5377,5379
MesoMazePath,6668,6670,5374,5376
MesoMazePath,6668,6670,5377,5379
MesoMazePath,6674,6676,5374,5376
MesoMazePath,6671,6673,5374,5376
MesoMazePath,6671,6673,5377,5379
MesoMazePath,6693,6695,5383,5385
MesoMazeGrowth,6690,6695,5389,5394
MesoMazePath,6690,6692,5383,5385
MesoMazePath,6693,6695,5386,5388
MesoMazePath,6690,6692,5386,5388
MesoMazeGrowth,6690,6695,5386,5391
MesoMazePath,6696,6698,5383,5385
MesoMazePath,6696,6698,5386,5388
MesoMazePath,6696,6698,5386,5388
MesoMazePath,6696,6698,5389,5391
MesoMazePath,6699,6701,5389,5391
MesoMazePath,6699,6701,5392,5394
MesoMazePath,6696,6698,5392,5394
MesoMazeStairCorridor,6699,6701,5383,5388
MesoMazeGrowth,6693,6698,5380,5385
MesoMazeStorage,6690,6695,5374,5379
MesoMazePath,6699,6701,5380,5382
MesoMazePath,6690,6692,5380,5382
MesoMazePath,6699,6701,5377,5379
MesoMazePath,6696,6698,5377,5379
MesoMazePath,6696,6698,5374,5376
MesoMazePath,6690,6692,5383,5385
MesoMazePath,6699,6701,5374,5376
SnakeTemple,6660,6706,5369,5399
SmallAbandonedOutpost,6693,6715,5443,5473
StonePlantMound,6870,6875,5456,5461
StonePlantBoulder,6738,6748,5490,5500
Tree_Oak_TheMushroomOak_v3,6847,6897,5456,5515
StoneBoulder,6970,6979,5482,5491
StonePlantMound,6778,6783,5529,5534
StoneMazePath,6814,6816,5558,5560
StoneMazePath,6793,6795,5555,5557
StoneMazePath,6814,6816,5555,5557
StoneMazePathBig,6796,6804,5552,5560
StoneMazeShootingRange,6793,6801,5561,5566
StoneMazeFountain,6805,6813,5552,5560
StoneMazeSpiderRoom,6796,6801,5546,5551
StoneMazeEndChest,6799,6801,5567,5569
StoneMazePath,6793,6795,5552,5554
StoneMazePath,6793,6795,5549,5551
StoneMazePath,6808,6810,5549,5551
StoneMazeEndChest,6805,6807,5549,5551
StoneMazePath,6811,6813,5549,5551
StoneMazeEndChest,6811,6813,5546,5548
StoneMazeEndChest,6793,6795,5546,5548
StoneMazePath,6814,6816,5549,5551
StoneMazePath,6814,6816,5546,5548
StoneMazeSmall,6793,6816,5546,5569
StonePlantMound1,6915,6921,5579,5585
VillageWoodMill,7028,7044,5603,5616
StoneLeafMound,6818,6827,5606,5613
VillageMarketplace,7028,7042,5622,5636
SeasonsGreenhouse,6998,7010,5614,5624
WitchPillars,6745,6762,5600,5617
RLCraft_Vineyard,7056,7076,5607,5635
RLCraft_DecentZombie,7091,7091,5616,5616
RLCraft_UndergroundRuin3,7085,7093,5613,5621
DinosaurSkeleton,7127,7173,5520,5529
StonePlantMound4,6656,6663,5414,5421
