StonePlantBoulder,6651,6661,4893,4903
StoneLeafMound,6658,6665,4943,4952
ForestBeacon,6700,6708,5095,5103
MeteorSite,6747,6762,4924,4954
WoodThornBig,6762,6775,4902,4915
StonePlantMound1,6787,6793,4878,4884
RLCraft_SmallUndergroundSkeleton,6795,6803,5105,5113
WoodWallRemains,6809,6837,4967,4975
VillageForgeLarge,6812,6828,4930,4942
RLCraft_SmallUndergroundSkeleton,6836,6844,4978,4986
SeasonsGreenhouse,6838,6848,4932,4944
SeasonsGreenhouse,6832,6844,4909,4919
P_Village2Story,6854,6860,4917,4930
VillageGuardTower,6858,6870,4902,4914
RLCraft_Vineyard,6884,6904,4906,4934
VillageTriplets,6884,6898,4887,4901
P_VillageFarmhouse,6884,6896,4872,4884
StonePlantMound3,6753,6764,4774,4783
MysticalTree,6894,6910,5020,5035
MesoMazeCorridorCollapse,6680,6682,4731,4736
MesoMazeStorage,6680,6685,4725,4730
MesoMazePath,6677,6679,4722,4724
MesoMazeSpiderTurn,6677,6682,4737,4742
MesoMazePath,6677,6679,4725,4727
MesoMazeStorage,6677,6682,4737,4742
MesoMazeSpiderTurn,6674,6679,4731,4736
MesoMazePath,6677,6679,4728,4730
MesoMazeGrowth,6683,6688,4740,4745
MesoMazeStairCorridor,6689,6694,4743,4745
MesoMazeStairCorridor,6671,6676,4728,4730
MesoMazeSpiderTurn,6677,6682,4716,4721
MesoMazePath,6674,6676,4725,4727
MesoMazeSpiderTurn,6665,6670,4728,4733
MesoMazeSpiderTurn,6683,6688,4731,4736
MesoMazePath,6680,6682,4722,4724
MesoMazeStairCorridor,6671,6676,4719,4721
MesoMazeZombieTable,6671,6676,4734,4739
MesoMazePath,6677,6679,4734,4736
MesoMazeStairTurn,6695,6700,4743,4748
MesoMazeGrowth,6686,6691,4725,4730
MesoMazeStairCorridor,6689,6694,4731,4733
MesoMazeSpiderTurn,6689,6694,4734,4739
MesoMazeSpiderTurn,6668,6673,4734,4739
MesoMazeGrowth,6671,6676,4722,4727
MesoMazePath,6674,6676,4740,4742
MesoMazeStorage,6689,6694,4719,4724
MesoMazePath,6674,6676,4737,4739
MesoMazeZombieTable,6683,6688,4716,4721
MesoMazeStorage,6662,6667,4722,4727
MesoMazePath,6668,6670,4722,4724
MesoMazeGrowth,6692,6697,4725,4730
MesoMazePath,6686,6688,4737,4739
MesoMazePath,6683,6685,4737,4739
MesoMazeGrowth,6677,6682,4719,4724
MesoMazeStairTurn,6695,6700,4737,4742
MesoMazePath,6671,6673,4731,4733
MesoMazeStorage,6695,6700,4731,4736
MesoMazePath,6668,6670,4731,4733
MesoMazeGrowth,6677,6682,4713,4718
MesoMazePath,6665,6667,4731,4733
MesoMazeCorridorCollapse,6698,6700,4725,4730
MesoMazeStairTurn,6659,6664,4728,4733
MesoMazePath,6668,6670,4728,4730
MesoMazePath,6668,6670,4725,4727
MesoMazeSpiderTurn,6698,6703,4719,4724
MesoMazePath,6671,6673,4731,4733
MesoMazeStairTurn,6677,6682,4707,4712
MesoMazeGrowth,6656,6661,4734,4739
MesoMazePath,6701,6703,4746,4748
MesoMazePath,6698,6700,4731,4733
MesoMazePath,6674,6676,4722,4724
MesoMazeGrowth,6665,6670,4716,4721
MesoMazeCorridorCollapse,6701,6703,4725,4730
MesoMazePath,6701,6703,4731,4733
MesoMazePath,6677,6679,4731,4733
MesoMazePath,6698,6700,4734,4736
MesoMazePath,6680,6682,4704,4706
MesoMazeCorridorCollapse,6656,6658,4740,4745
MesoMazePath,6701,6703,4722,4724
MesoMazeSpiderTurn,6698,6703,4716,4721
MesoMazeSpiderTurn,6656,6661,4734,4739
MesoMazeStorage,6692,6697,4719,4724
MesoMazeStairCorridor,6692,6697,4716,4718
MesoMazePath,6665,6667,4728,4730
MesoMazePath,6701,6703,4731,4733
MesoMazeStairTurn,6665,6670,4710,4715
MesoMazeZombieTable,6683,6688,4704,4709
MesoMazePath,6662,6664,4737,4739
MesoMazeSpiderTurn,6665,6670,4722,4727
MesoMazePath,6701,6703,4737,4739
MesoMazePath,6701,6703,4740,4742
MesoMazePath,6662,6664,4713,4715
MesoMazePath,6662,6664,4734,4736
MesoMazePath,6701,6703,4734,4736
MesoMazePath,6677,6679,4704,4706
MesoMazeGrowth,6686,6691,4716,4721
MesoMazeSpiderTurn,6659,6664,4719,4724
MesoMazePath,6701,6703,4734,4736
MesoMazePath,6695,6697,4731,4733
MesoMazeSpiderTurn,6692,6697,4725,4730
MesoMazeStairCorridor,6659,6661,4740,4745
MesoMazeSpiderTurn,6668,6673,4704,4709
MesoMazePath,6689,6691,4716,4718
MesoMazePath,6701,6703,4743,4745
MesoMazePath,6683,6685,4719,4721
MesoMazePath,6689,6691,4740,4742
MesoMazeStairCorridor,6668,6673,4740,4742
MesoMazePath,6662,6664,4710,4712
MesoMazeStairCorridor,6671,6676,4716,4718
MesoMazePath,6668,6670,4719,4721
MesoMazePath,6665,6667,4719,4721
MesoMazeStairTurn,6659,6664,4704,4709
MesoMazePath,6671,6673,4710,4712
MesoMazePath,6680,6682,4704,4706
MesoMazeZombieTable,6656,6661,4746,4751
MesoMazePath,6674,6676,4704,4706
MesoMazePath,6668,6670,4716,4718
MesoMazePath,6674,6676,4704,4706
MesoMazePath,6701,6703,4749,4751
MesoMazePath,6677,6679,4704,4706
MesoMazePath,6683,6685,4716,4718
MesoMazePath,6662,6664,4725,4727
MesoMazePath,6674,6676,4731,4733
MesoMazePath,6665,6667,4716,4718
MesoMazePath,6656,6658,4746,4748
MesoMazePath,6698,6700,4722,4724
MesoMazeStairCorridor,6689,6691,4710,4715
MesoMazeGrowth,6671,6676,4707,4712
MesoMazePath,6656,6658,4704,4706
MesoMazePath,6674,6676,4707,4709
MesoMazeStairTurn,6662,6667,4740,4745
MesoMazePath,6671,6673,4722,4724
MesoMazePath,6662,6664,4716,4718
MesoMazePath,6659,6661,4716,4718
MesoMazePath,6671,6673,4713,4715
MesoMazeGrowth,6683,6688,4710,4715
MesoMazePath,6689,6691,4707,4709
MesoMazePath,6692,6694,4740,4742
MesoMazePath,6674,6676,4710,4712
MesoMazePath,6656,6658,4716,4718
MesoMazePath,6695,6697,4719,4721
MesoMazePath,6695,6697,4722,4724
MesoMazeStairTurn,6662,6667,4746,4751
MesoMazeStairCorridor,6668,6673,4749,4751
MesoMazePath,6689,6691,4704,4706
MesoMazeSpiderTurn,6686,6691,4725,4730
MesoMazePath,6689,6691,4722,4724
MesoMazePath,6656,6658,4719,4721
MesoMazeStairCorridor,6674,6679,4749,4751
MesoMazeCorridorCollapse,6656,6658,4722,4727
MesoMazeStairCorridor,6695,6700,4749,4751
MesoMazePath,6686,6688,4722,4724
MesoMazePath,6659,6661,4725,4727
MesoMazePath,6656,6658,4728,4730
MesoMazePath,6683,6685,4722,4724
MesoMazePath,6665,6667,4737,4739
MesoMazePath,6656,6658,4728,4730
MesoMazePath,6686,6688,4722,4724
MesoMazePath,6659,6661,4746,4748
MesoMazePath,6674,6676,4713,4715
MesoMazeCorridorCollapse,6656,6658,4710,4715
MesoMazePath,6692,6694,4707,4709
MesoMazePath,6683,6685,4722,4724
MesoMazePath,6659,6661,4713,4715
MesoMazePath,6656,6658,4719,4721
MesoMazePath,6659,6661,4710,4712
MesoMazePath,6671,6673,4704,4706
MesoMazeGrowth,6680,6685,4746,4751
MesoMazePath,6656,6658,4731,4733
MesoMazePath,6692,6694,4749,4751
MesoMazePath,6686,6688,4707,4709
MesoMazeZombieTable,6659,6664,4716,4721
MesoMazeStairCorridor,6686,6691,4746,4748
MesoMazePath,6683,6685,4707,4709
MesoMazePath,6668,6670,4704,4706
MesoMazePath,6656,6658,4716,4718
MesoMazePath,6665,6667,4704,4706
MesoMazePath,6665,6667,4707,4709
MesoMazePath,6668,6670,4707,4709
MesoMazePath,6665,6667,4734,4736
MesoMazePath,6686,6688,4704,4706
MesoMazePath,6668,6670,4734,4736
MesoMazePath,6668,6670,4737,4739
MesoMazePath,6683,6685,4704,4706
MesoMazeCorridorCollapse,6692,6697,4704,4706
MesoMazePath,6656,6658,4731,4733
MesoMazePath,6689,6691,4704,4706
MesoMazePath,6689,6691,4707,4709
MesoMazeSpiderTurn,6698,6703,4704,4709
MesoMazePath,6692,6694,4746,4748
MesoMazeZombieTable,6698,6703,4704,4709
MesoMazePath,6701,6703,4710,4712
MesoMazePath,6692,6694,4707,4709
MesoMazePath,6695,6697,4707,4709
MesoMazePath,6695,6697,4707,4709
MesoMazePath,6698,6700,4710,4712
MesoMazePath,6656,6658,4707,4709
MesoMazePath,6695,6697,4710,4712
MesoMazePath,6692,6694,4710,4712
MesoMazePath,6698,6700,4713,4715
MesoMazePath,6698,6700,4716,4718
MesoMazePath,6701,6703,4716,4718
MesoMazePath,6656,6658,4707,4709
MesoMazePath,6692,6694,4713,4715
MesoMazePath,6695,6697,4713,4715
MesoMazePath,6701,6703,4713,4715
MesoMazePagoda,6656,6703,4704,4751
StonePlantMound,6939,6944,4833,4838
WoodWallRemains,6946,6974,4877,4885
SmallWoodenCottage1,6981,6987,4831,4842
RLCraft_DecentWitch,7091,7091,5071,5071
RLCraft_UndergroundRuin2,7086,7093,5066,5076
