StonePlantBoulder,6658,6668,7234,7244
StonePlantBoulder,6690,6700,7219,7229
StoneMazePath,6738,6740,7229,7231
StoneMazePath,6735,6737,7229,7231
StoneMazePath,6741,6743,7229,7231
StoneMazeShootingRange,6729,6737,7247,7252
StoneMazePathBig,6732,6740,7238,7246
StoneMazeEndChest,6744,6746,7229,7231
StoneMazePath,6741,6743,7241,7243
StoneMazePath,6741,6743,7232,7234
StoneMazePath,6738,6740,7232,7234
StoneMazePath,6735,6737,7235,7237
StoneMazePath,6738,6740,7235,7237
StoneMazePath,6729,6731,7241,7243
StoneMazePath,6735,6737,7232,7234
StoneMazePath,6741,6743,7244,7246
StoneMazePath,6744,6746,7244,7246
StoneMazePath,6747,6749,7244,7246
StoneMazePath,6741,6743,7235,7237
StoneMazePath,6732,6734,7235,7237
StoneMazePath,6744,6746,7235,7237
StoneMazePath,6744,6746,7238,7240
StoneMazeEndChest,6741,6743,7238,7240
StoneMazeEndChest,6744,6746,7241,7243
StoneMazePath,6747,6749,7235,7237
StoneMazePath,6747,6749,7241,7243
StoneMazePath,6747,6749,7238,7240
StoneMazeSmall,6726,6749,7229,7252
DinosaurSkeleton,6767,6813,7248,7257
RLCraft_DecentSpider,6804,6804,7284,7284
RLCraft_UndergroundRuin2,6802,6809,7279,7289
SmallWoodenCottage2,6780,6788,7284,7292
StonePlantMound4,6720,6727,7309,7316
StonePlantMound4,6716,6723,7316,7323
StonePlantMound2,6773,6786,7321,7333
StoneMazeFountain,6695,6703,7555,7563
StoneMazePath,6698,6700,7564,7566
StoneMazePath,6701,6703,7564,7566
StoneMazePathBig,6686,6694,7555,7563
StoneMazePath,6680,6682,7555,7557
StoneMazePath,6683,6685,7555,7557
StoneMazePath,6680,6682,7552,7554
StoneMazePath,6683,6685,7552,7554
StoneMazePath,6680,6682,7558,7560
StoneMazePath,6680,6682,7561,7563
StoneMazeEndChest,6686,6688,7552,7554
StoneMazePath,6683,6685,7549,7551
StoneMazeSpiderRoom,6686,6691,7546,7551
StoneMazePath,6680,6682,7549,7551
StoneMazePath,6683,6685,7546,7548
StoneMazePath,6680,6682,7546,7548
StoneMazePath,6683,6685,7558,7560
StoneMazePath,6680,6682,7564,7566
StoneMazePath,6683,6685,7564,7566
StoneMazePath,6683,6685,7561,7563
StoneMazePath,6683,6685,7567,7569
StoneMazePath,6680,6682,7567,7569
StoneMazeSmall,6680,6703,7546,7569
StonePlantMound,6750,6755,7563,7568
StonePlantMound1,6775,6781,7582,7588
