StoneMazePathBig,1875,1883,1107,1115
StoneMazeShootingRange,1884,1889,1104,1112
StoneMazePath,1878,1880,1104,1106
StoneMazePathBig,1878,1886,1092,1100
StoneMazePath,1872,1874,1110,1112
StoneMazeEndChest,1869,1871,1110,1112
StoneMazePath,1890,1892,1110,1112
StoneMazePath,1872,1874,1113,1115
StoneMazePath,1872,1874,1107,1109
StoneMazePath,1872,1874,1104,1106
StoneMazePath,1875,1877,1095,1097
StoneMazeEndChest,1875,1877,1092,1094
StoneMazePath,1872,1874,1101,1103
StoneMazeEndChest,1869,1871,1104,1106
StoneMazePath,1872,1874,1098,1100
StoneMazePath,1872,1874,1095,1097
StoneMazePath,1875,1877,1104,1106
StoneMazePath,1875,1877,1098,1100
StoneMazePath,1872,1874,1092,1094
StoneMazePath,1869,1871,1095,1097
StoneMazePath,1881,1883,1101,1103
StoneMazeEndChest,1869,1871,1092,1094
StoneMazePath,1869,1871,1098,1100
StoneMazePath,1878,1880,1101,1103
StoneMazePath,1881,1883,1104,1106
StoneMazePath,1884,1886,1101,1103
StoneMazePath,1875,1877,1101,1103
StoneMazeSmall,1869,1892,1092,1115
StoneBoulder,1557,1566,1134,1143
StonePlantMound4,1547,1554,1146,1153
RLCraft_UndergroundFarm,1656,1699,1126,1168
StonePlantMound4,1541,1548,1203,1210
ClayWaterMound1,1606,1616,1271,1282
StonePlantBoulder,1651,1661,1279,1289
SmallAbandonedMine,1614,1639,1314,1329
BrickHenge,1655,1671,1320,1336
StonePlantMound,1824,1829,1390,1395
StoneLeafMound,1562,1569,1404,1413
StonePlantMound4,1785,1792,1434,1441
StoneMazePath,1882,1884,1451,1453
StoneMazePathBig,1891,1899,1445,1453
StoneMazePath,1894,1896,1442,1444
StoneMazePath,1891,1893,1442,1444
StoneMazeStudy,1879,1887,1454,1468
StoneMazePath,1879,1881,1460,1462
StoneMazePath,1888,1890,1442,1444
StoneMazePath,1888,1890,1445,1447
StoneMazePathBig,1870,1878,1457,1465
StoneMazeEndChest,1885,1887,1445,1447
StoneMazePathBig,1870,1878,1448,1456
StoneMazeEndChest,1879,1881,1451,1453
StoneMazePath,1873,1875,1445,1447
StoneMazePath,1876,1878,1445,1447
StoneMazePath,1867,1869,1451,1453
StoneMazePathBig,1870,1878,1466,1474
StoneMazePath,1864,1866,1451,1453
StoneMazePath,1864,1866,1454,1456
StoneMazePath,1867,1869,1448,1450
StoneMazePath,1873,1875,1442,1444
StoneMazePath,1870,1872,1445,1447
StoneMazePath,1870,1872,1442,1444
StoneMazeSpiderRoom,1879,1884,1442,1447
StoneMazePath,1885,1887,1442,1444
StoneMazePath,1870,1872,1439,1441
StoneMazeEndChest,1879,1881,1469,1471
StoneMazePath,1867,1869,1439,1441
StoneMazePath,1873,1875,1439,1441
StoneMazeEndChest,1876,1878,1442,1444
StoneMazePath,1867,1869,1445,1447
StoneMazePath,1867,1869,1454,1456
StoneMazePath,1867,1869,1457,1459
StoneMazePathBig,1891,1899,1454,1462
StoneMazePath,1867,1869,1460,1462
StoneMazePath,1867,1869,1442,1444
StoneMazePath,1867,1869,1463,1465
StoneMazeEndChest,1864,1866,1439,1441
StoneMazePathBig,1867,1875,1430,1438
StoneMazePath,1870,1872,1427,1429
StoneMazePathBig,1876,1884,1430,1438
StoneMazeEndChest,1867,1869,1466,1468
StoneMazePathBig,1891,1899,1463,1471
StoneMazePath,1864,1866,1433,1435
StoneMazePath,1864,1866,1457,1459
StoneMazePath,1864,1866,1436,1438
StoneMazeFountain,1885,1893,1430,1438
StoneMazeEndChest,1894,1896,1472,1474
StoneMazePath,1885,1887,1439,1441
StoneMazePath,1894,1896,1433,1435
StoneMazePath,1894,1896,1436,1438
StoneMazePath,1894,1896,1430,1432
StoneMazePath,1894,1896,1427,1429
StoneMazeLitRoom,1897,1902,1433,1438
StoneMazePath,1900,1902,1430,1432
StoneMazePath,1864,1866,1460,1462
StoneMazePath,1903,1905,1433,1435
StoneMazePath,1900,1902,1439,1441
StoneMazePath,1897,1899,1439,1441
StoneMazeEndChest,1882,1884,1439,1441
StoneMazePath,1897,1899,1430,1432
StoneMazePath,1864,1866,1463,1465
StoneMazePath,1900,1902,1442,1444
StoneMazePath,1897,1899,1442,1444
StoneMazeLitRoom,1903,1908,1442,1447
StoneMazePath,1888,1890,1439,1441
StoneMazePath,1900,1902,1445,1447
StoneMazePath,1906,1908,1439,1441
StoneMazePath,1903,1905,1439,1441
StoneMazePath,1900,1902,1466,1468
StoneMazePath,1903,1905,1466,1468
StoneMazePath,1897,1899,1427,1429
StoneMazePath,1903,1905,1448,1450
StoneMazePath,1903,1905,1436,1438
StoneMazePath,1864,1866,1466,1468
StoneMazePath,1894,1896,1439,1441
StoneMazePath,1891,1893,1427,1429
StoneMazePath,1891,1893,1439,1441
StoneMazePath,1906,1908,1436,1438
StoneMazePath,1864,1866,1469,1471
StoneMazePath,1867,1869,1469,1471
StoneMazePath,1903,1905,1451,1453
StoneMazePath,1900,1902,1451,1453
StoneMazePath,1903,1905,1430,1432
StoneMazePath,1900,1902,1469,1471
StoneMazePath,1888,1890,1427,1429
StoneMazePath,1867,1869,1427,1429
StoneMazePath,1909,1911,1445,1447
StoneMazePath,1906,1908,1430,1432
StoneMazePath,1885,1887,1427,1429
StoneMazePath,1864,1866,1472,1474
StoneMazePath,1906,1908,1466,1468
StoneMazePath,1909,1911,1436,1438
StoneMazePath,1909,1911,1439,1441
StoneMazePath,1909,1911,1466,1468
StoneMazePath,1909,1911,1442,1444
StoneMazePath,1906,1908,1433,1435
StoneMazePath,1900,1902,1463,1465
StoneMazeEndChest,1906,1908,1448,1450
StoneMazePath,1867,1869,1472,1474
StoneMazePath,1903,1905,1427,1429
StoneMazePath,1882,1884,1427,1429
StoneMazePath,1906,1908,1427,1429
StoneMazePath,1864,1866,1427,1429
StoneMazePath,1900,1902,1460,1462
StoneMazePath,1906,1908,1463,1465
StoneMazePath,1903,1905,1463,1465
StoneMazePath,1900,1902,1448,1450
StoneMazePath,1900,1902,1472,1474
StoneMazeEndChest,1900,1902,1457,1459
StoneMazePath,1897,1899,1472,1474
StoneMazePath,1903,1905,1469,1471
StoneMazeEndChest,1909,1911,1469,1471
StoneMazePath,1903,1905,1472,1474
StoneMazePath,1900,1902,1427,1429
StoneMazePath,1903,1905,1460,1462
StoneMazePath,1903,1905,1457,1459
StoneMazeEndChest,1906,1908,1469,1471
StoneMazePath,1906,1908,1457,1459
StoneMazePath,1903,1905,1454,1456
StoneMazeEndChest,1909,1911,1457,1459
StoneMazePath,1906,1908,1460,1462
StoneMazePath,1906,1908,1454,1456
StoneMazePath,1906,1908,1472,1474
StoneMazePath,1909,1911,1454,1456
StoneMazeEndChest,1906,1908,1451,1453
StoneMazePath,1909,1911,1451,1453
StoneMazeEndChest,1909,1911,1472,1474
StoneMazeEndChest,1909,1911,1448,1450
StoneMazePagoda,1864,1911,1427,1474
StonePlantMound1,1787,1793,1498,1504
RLCraft_DecentWitch,1866,1866,1515,1515
RLCraft_UndergroundRuin3,1864,1872,1510,1518
StonePlantMound4,1901,1908,1509,1516
