StoneMazePath,3098,3100,1360,1362
StoneMazePath,3095,3097,1360,1362
StoneMazePathBig,3083,3091,1378,1386
StoneMazePathBig,3110,3118,1375,1383
StoneMazeStudy,3092,3100,1363,1377
StoneMazeEndChest,3092,3094,1369,1371
StoneMazePath,3092,3094,1381,1383
StoneMazePath,3092,3094,1360,1362
StoneMazePath,3086,3088,1387,1389
StoneMazePath,3089,3091,1360,1362
StoneMazeSpiderRoom,3086,3091,1390,1395
StoneMazePath,3086,3088,1360,1362
StoneMazePath,3113,3115,1372,1374
StoneMazePath,3113,3115,1384,1386
StoneMazePathBig,3110,3118,1363,1371
StoneMazePath,3089,3091,1387,1389
StoneMazePath,3086,3088,1363,1365
StoneMazePath,3083,3085,1387,1389
StoneMazePath,3095,3097,1393,1395
StoneMazePath,3086,3088,1366,1368
StoneMazePath,3083,3085,1363,1365
StoneMazePath,3110,3112,1384,1386
StoneMazePath,3113,3115,1360,1362
StoneMazeEndChest,3083,3085,1360,1362
StoneMazePath,3092,3094,1378,1380
StoneMazePath,3116,3118,1384,1386
StoneMazeEndChest,3086,3088,1375,1377
StoneMazePath,3083,3085,1366,1368
StoneMazePath,3095,3097,1390,1392
StoneMazePath,3092,3094,1390,1392
StoneMazePath,3113,3115,1387,1389
StoneMazePath,3095,3097,1387,1389
StoneMazeShootingRange,3083,3091,1369,1374
StoneMazePath,3095,3097,1378,1380
StoneMazePath,3110,3112,1387,1389
StoneMazePath,3098,3100,1378,1380
StoneMazePath,3113,3115,1390,1392
StoneMazePath,3110,3112,1390,1392
StoneMazePath,3116,3118,1390,1392
StoneMazePath,3110,3112,1393,1395
StoneMazePath,3095,3097,1381,1383
StoneMazePath,3116,3118,1387,1389
StoneMazeEndChest,3098,3100,1381,1383
StoneMazePath,3113,3115,1393,1395
StoneMazeFountain,3098,3106,1387,1395
StoneMazePath,3116,3118,1393,1395
StoneMazePath,3101,3103,1384,1386
StoneMazeEndChest,3092,3094,1393,1395
StoneMazePath,3107,3109,1390,1392
StoneMazePath,3107,3109,1384,1386
StoneMazePath,3098,3100,1384,1386
StoneMazePath,3101,3103,1378,1380
StoneMazePath,3107,3109,1393,1395
StoneMazePath,3101,3103,1381,1383
StoneMazePath,3104,3106,1384,1386
StoneMazePath,3104,3106,1378,1380
StoneMazePath,3095,3097,1384,1386
StoneMazePath,3107,3109,1378,1380
StoneMazePath,3104,3106,1381,1383
StoneMazePath,3101,3103,1375,1377
StoneMazePath,3107,3109,1381,1383
StoneMazePath,3104,3106,1375,1377
StoneMazePath,3107,3109,1375,1377
StoneMazePath,3107,3109,1387,1389
StoneMazePath,3104,3106,1372,1374
StoneMazePath,3107,3109,1372,1374
StoneMazePath,3101,3103,1372,1374
StoneMaze,3083,3118,1360,1395
RLCraft_DecentZombie,3200,3200,1395,1395
RLCraft_UndergroundRuin3,3195,3203,1389,1397
