RLCraft_DecentSkeleton,4070,4070,2589,2589
RLCraft_UndergroundRuin3,4065,4073,2587,2595
RLCraft_DecentSpider,3725,3725,2608,2608
RLCraft_UndergroundRuin2,3720,3730,2606,2613
StonePlantMound4,3917,3924,2661,2668
BlazeSpawnerCrystal,4003,4009,2770,2776
StoneMazePath,3787,3789,2782,2784
StoneMazeEndChest,3784,3786,2782,2784
StoneMazePath,3784,3786,2773,2775
StoneMazePath,3787,3789,2773,2775
StoneMazePath,3784,3786,2770,2772
StoneMazePath,3787,3789,2770,2772
StoneMazePath,3787,3789,2767,2769
StoneMazePath,3784,3786,2767,2769
StoneMazeStudy,3769,3783,2764,2772
StoneMazeSpiderRoom,3778,3783,2773,2778
StoneMazePath,3790,3792,2782,2784
StoneMazePath,3775,3777,2764,2766
StoneMazePath,3775,3777,2761,2763
StoneMazePath,3772,3774,2761,2763
StoneMazePath,3775,3777,2758,2760
StoneMazePathBig,3793,3801,2779,2787
StoneMazePath,3778,3780,2758,2760
StoneMazeSpiderRoom,3781,3786,2755,2760
StoneMazePath,3772,3774,2758,2760
StoneMazeEndChest,3772,3774,2755,2757
StoneMazePathBig,3802,3810,2779,2787
StoneMazePath,3796,3798,2776,2778
StoneMazePathBig,3802,3810,2788,2796
StoneMazePathBig,3793,3801,2767,2775
StoneMazePath,3799,3801,2776,2778
StoneMazePath,3802,3804,2770,2772
StoneMazePath,3778,3780,2761,2763
StoneMazePathBig,3793,3801,2758,2766
StoneMazePath,3790,3792,2770,2772
StoneMazePath,3802,3804,2767,2769
StoneMazePath,3790,3792,2761,2763
StoneMazePath,3790,3792,2758,2760
StoneMazePath,3802,3804,2776,2778
StoneMazePath,3805,3807,2797,2799
StoneMazePath,3802,3804,2773,2775
StoneMazeEndChest,3805,3807,2770,2772
StoneMazePath,3805,3807,2773,2775
StoneMazePath,3808,3810,2773,2775
StoneMazeEndChest,3793,3795,2776,2778
StoneMazePath,3805,3807,2800,2802
StoneMazePath,3781,3783,2761,2763
StoneMazePath,3802,3804,2800,2802
StoneMazePath,3802,3804,2761,2763
StoneMazePath,3805,3807,2776,2778
StoneMazePath,3787,3789,2761,2763
StoneMazePath,3775,3777,2755,2757
StoneMazePath,3799,3801,2800,2802
StoneMazePath,3787,3789,2764,2766
StoneMazePath,3808,3810,2797,2799
StoneMazeShootingRange,3793,3798,2794,2802
StoneMazeSpiderRoom,3805,3810,2758,2763
StoneMazePath,3808,3810,2770,2772
StoneMazePath,3802,3804,2797,2799
StoneMazeEndChest,3784,3786,2761,2763
StoneMazePath,3799,3801,2797,2799
StoneMazeEndChest,3808,3810,2767,2769
StoneMazeEndChest,3787,3789,2758,2760
StoneMazeEndChest,3784,3786,2764,2766
StoneMazePath,3790,3792,2764,2766
StoneMazePath,3790,3792,2800,2802
StoneMazePath,3769,3771,2758,2760
StoneMazePath,3769,3771,2755,2757
StoneMazePath,3766,3768,2758,2760
StoneMazePath,3769,3771,2761,2763
StoneMazePath,3766,3768,2761,2763
StoneMazePath,3790,3792,2797,2799
StoneMazeSpiderRoom,3787,3792,2791,2796
StoneMazePath,3787,3789,2800,2802
StoneMazePath,3784,3786,2800,2802
StoneMazeShootingRange,3778,3783,2794,2802
StoneMazePath,3775,3777,2800,2802
StoneMazeEndChest,3790,3792,2767,2769
StoneMazePath,3775,3777,2797,2799
StoneMazePath,3763,3765,2761,2763
StoneMazePathBig,3766,3774,2794,2802
StoneMazeEndChest,3763,3765,2797,2799
StoneMazePath,3769,3771,2791,2793
StoneMazeSpiderRoom,3772,3777,2788,2793
StoneMazeSpiderRoom,3766,3771,2785,2790
StoneMazePath,3766,3768,2791,2793
StoneMazePath,3763,3765,2764,2766
StoneMazePath,3763,3765,2767,2769
StoneMazeEndChest,3766,3768,2764,2766
StoneMazePath,3763,3765,2791,2793
StoneMazePath,3763,3765,2788,2790
StoneMazePath,3763,3765,2785,2787
StoneMazePath,3766,3768,2767,2769
StoneMazePath,3763,3765,2782,2784
StoneMazePath,3763,3765,2779,2781
StoneMazePath,3766,3768,2770,2772
StoneMazePath,3763,3765,2770,2772
StoneMazePath,3766,3768,2773,2775
StoneMazePath,3769,3771,2773,2775
StoneMazePath,3772,3774,2773,2775
StoneMazePath,3763,3765,2776,2778
StoneMazePath,3766,3768,2776,2778
StoneMazePath,3775,3777,2773,2775
StoneMazePath,3766,3768,2779,2781
StoneMazePath,3766,3768,2782,2784
StoneMazePath,3775,3777,2776,2778
StoneMazePath,3763,3765,2773,2775
StoneMazePath,3775,3777,2779,2781
StoneMazePath,3769,3771,2779,2781
StoneMazeEndChest,3772,3774,2779,2781
StoneMazeEndChest,3769,3771,2782,2784
StoneMazePath,3769,3771,2776,2778
StoneMazeSpiderRoom,3775,3780,2782,2787
StoneMazePagoda,3763,3810,2755,2802
StonePlantMound2,3757,3770,2808,2820
RLCraft_BasicCaveSpider,3898,3898,2815,2815
RLCraft_UndergroundRuin1,3892,3901,2812,2821
StonePlantMound2,3660,3673,2611,2623
SmallWoodenCottage,3641,3652,2635,2643
MesoMazePath,3603,3605,2734,2736
MesoMazeStairCorridor,3603,3605,2728,2733
MesoMazeStairTurn,3600,3605,2722,2727
MesoMazeStairTurn,3606,3611,2725,2730
MesoMazeStairTurn,3597,3602,2731,2736
MesoMazeStairTurn,3594,3599,2719,2724
MesoMazePath,3612,3614,2731,2733
MesoMazePath,3591,3593,2719,2721
MesoMazeStairTurn,3606,3611,2719,2724
MesoMazePath,3615,3617,2731,2733
MesoMazeGrowth,3591,3596,2713,2718
MesoMazeStairTurn,3612,3617,2719,2724
MesoMazeStairCorridor,3600,3602,2737,2742
MesoMazePath,3591,3593,2710,2712
MesoMazeZombieTable,3618,3623,2728,2733
MesoMazePath,3603,3605,2737,2739
MesoMazePath,3612,3614,2728,2730
MesoMazeStairTurn,3591,3596,2731,2736
MesoMazeCorridorCollapse,3591,3593,2722,2727
MesoMazePath,3618,3620,2722,2724
MesoMazePath,3591,3593,2728,2730
MesoMazePath,3591,3593,2728,2730
MesoMazeStairCorridor,3603,3605,2740,2745
MesoMazeStairTurn,3609,3614,2713,2718
MesoMazePath,3615,3617,2728,2730
MesoMazeSpiderTurn,3588,3593,2737,2742
MesoMazePath,3615,3617,2725,2727
MesoMazePath,3612,3614,2710,2712
MesoMazeCorridorCollapse,3594,3599,2710,2712
MesoMazeCorridorCollapse,3600,3605,2710,2712
MesoMazePath,3591,3593,2719,2721
MesoMazeStairCorridor,3600,3602,2743,2748
MesoMazeCorridorCollapse,3588,3590,2731,2736
MesoMazePath,3594,3596,2728,2730
MesoMazeCorridorCollapse,3618,3620,2716,2721
MesoMazePath,3588,3590,2728,2730
MesoMazePath,3618,3620,2725,2727
MesoMazePath,3594,3596,2725,2727
MesoMazeGrowth,3588,3593,2710,2715
MesoMazePath,3588,3590,2725,2727
MesoMazePath,3600,3602,2749,2751
MesoMazeGrowth,3618,3623,2722,2727
MesoMazePath,3597,3599,2728,2730
MesoMazePath,3615,3617,2728,2730
MesoMazePath,3597,3599,2725,2727
MesoMazeSpiderTurn,3585,3590,2737,2742
MesoMazePath,3612,3614,2728,2730
MesoMazePath,3588,3590,2728,2730
MesoMazeStorage,3621,3626,2722,2727
MesoMazePath,3588,3590,2719,2721
MesoMazePath,3618,3620,2728,2730
MesoMazeCorridorCollapse,3606,3611,2710,2712
MesoMazePath,3594,3596,2740,2742
MesoMazePath,3588,3590,2722,2724
MesoMazePath,3591,3593,2737,2739
MesoMazePath,3612,3614,2710,2712
MesoMazePath,3594,3596,2737,2739
MesoMazeGrowth,3603,3608,2713,2718
MesoMazeSpiderTurn,3621,3626,2716,2721
MesoMazePath,3600,3602,2728,2730
MesoMazePath,3615,3617,2725,2727
MesoMazePath,3585,3587,2728,2730
MesoMazeSpiderTurn,3627,3632,2716,2721
MesoMazePath,3612,3614,2725,2727
MesoMazePath,3603,3605,2746,2748
MesoMazeSpiderTurn,3621,3626,2728,2733
MesoMazePath,3618,3620,2713,2715
MesoMazeZombieTable,3585,3590,2713,2718
MesoMazePath,3597,3599,2737,2739
MesoMazeSpiderTurn,3627,3632,2710,2715
MesoMazePath,3585,3587,2713,2715
MesoMazePath,3624,3626,2713,2715
MesoMazePath,3621,3623,2713,2715
MesoMazePath,3591,3593,2740,2742
MesoMazePath,3603,3605,2749,2751
MesoMazeSpiderTurn,3624,3629,2722,2727
MesoMazePath,3585,3587,2734,2736
MesoMazeStairTurn,3588,3593,2743,2748
MesoMazePath,3615,3617,2731,2733
MesoMazePath,3585,3587,2719,2721
MesoMazePath,3612,3614,2725,2727
MesoMazePath,3618,3620,2713,2715
MesoMazeSpiderTurn,3606,3611,2749,2754
MesoMazePath,3585,3587,2725,2727
MesoMazeStairTurn,3609,3614,2743,2748
MesoMazePath,3594,3596,2743,2745
MesoMazePath,3585,3587,2722,2724
MesoMazePath,3630,3632,2722,2724
MesoMazeStorage,3594,3599,2737,2742
MesoMazePath,3624,3626,2710,2712
MesoMazePath,3618,3620,2731,2733
MesoMazePath,3630,3632,2719,2721
MesoMazePath,3612,3614,2731,2733
MesoMazeStairCorridor,3627,3629,2728,2733
MesoMazeStairCorridor,3612,3614,2737,2742
MesoMazePath,3600,3602,2713,2715
MesoMazePath,3585,3587,2731,2733
MesoMazeStairCorridor,3600,3605,2752,2754
MesoMazePath,3594,3596,2746,2748
MesoMazePath,3585,3587,2722,2724
MesoMazePath,3585,3587,2725,2727
MesoMazePath,3615,3617,2713,2715
MesoMazeCorridorCollapse,3606,3608,2743,2748
MesoMazePath,3627,3629,2719,2721
MesoMazeGrowth,3606,3611,2737,2742
MesoMazePath,3621,3623,2710,2712
MesoMazePath,3612,3614,2734,2736
MesoMazeStairTurn,3588,3593,2749,2754
MesoMazePath,3615,3617,2716,2718
MesoMazeStairTurn,3624,3629,2734,2739
MesoMazeStorage,3594,3599,2749,2754
MesoMazePath,3618,3620,2710,2712
MesoMazePath,3585,3587,2749,2751
MesoMazePath,3630,3632,2734,2736
MesoMazePath,3585,3587,2752,2754
MesoMazePath,3594,3596,2752,2754
MesoMazeGrowth,3627,3632,2713,2718
MesoMazePath,3597,3599,2740,2742
MesoMazePath,3624,3626,2740,2742
MesoMazePath,3594,3596,2749,2751
MesoMazePath,3594,3596,2743,2745
MesoMazePath,3606,3608,2749,2751
MesoMazePath,3615,3617,2710,2712
MesoMazePath,3585,3587,2728,2730
MesoMazeStairTurn,3618,3623,2737,2742
MesoMazeZombieTable,3627,3632,2740,2745
MesoMazePath,3597,3599,2752,2754
MesoMazeSpiderTurn,3606,3611,2752,2757
MesoMazePath,3615,3617,2734,2736
MesoMazePath,3630,3632,2725,2727
MesoMazePath,3618,3620,2734,2736
MesoMazePath,3624,3626,2719,2721
MesoMazePath,3597,3599,2746,2748
MesoMazePath,3612,3614,2752,2754
MesoMazePath,3588,3590,2725,2727
MesoMazePath,3612,3614,2755,2757
MesoMazePath,3618,3620,2710,2712
MesoMazePath,3621,3623,2719,2721
MesoMazePath,3597,3599,2743,2745
MesoMazePath,3621,3623,2734,2736
MesoMazePath,3603,3605,2749,2751
MesoMazeStairCorridor,3615,3620,2743,2745
MesoMazeSpiderTurn,3621,3626,2743,2748
MesoMazePath,3603,3605,2746,2748
MesoMazePath,3615,3617,2737,2739
MesoMazePath,3621,3623,2713,2715
MesoMazePath,3585,3587,2731,2733
MesoMazePath,3615,3617,2710,2712
MesoMazePath,3630,3632,2731,2733
MesoMazeCorridorCollapse,3621,3623,2749,2754
MesoMazePath,3621,3623,2755,2757
MesoMazePath,3606,3608,2740,2742
MesoMazePath,3615,3617,2737,2739
MesoMazePath,3612,3614,2749,2751
MesoMazePath,3585,3587,2716,2718
MesoMazePath,3594,3596,2746,2748
MesoMazePath,3609,3611,2734,2736
MesoMazePath,3585,3587,2734,2736
MesoMazePath,3624,3626,2716,2718
MesoMazePath,3585,3587,2719,2721
MesoMazePath,3627,3629,2710,2712
MesoMazePath,3600,3602,2749,2751
MesoMazePath,3624,3626,2713,2715
MesoMazePath,3630,3632,2728,2730
MesoMazeStairCorridor,3624,3626,2749,2754
MesoMazePath,3606,3608,2734,2736
MesoMazePath,3624,3626,2755,2757
MesoMazePath,3621,3623,2716,2718
MesoMazeGrowth,3615,3620,2752,2757
MesoMazePath,3597,3599,2746,2748
MesoMazePath,3603,3605,2734,2736
MesoMazePath,3585,3587,2737,2739
MesoMazePath,3597,3599,2743,2745
MesoMazePath,3621,3623,2743,2745
MesoMazePath,3621,3623,2755,2757
MesoMazePath,3597,3599,2749,2751
MesoMazePath,3624,3626,2710,2712
MesoMazePath,3609,3611,2731,2733
MesoMazePath,3606,3608,2731,2733
MesoMazePath,3621,3623,2746,2748
MesoMazePath,3624,3626,2755,2757
MesoMazePath,3609,3611,2749,2751
MesoMazePath,3585,3587,2755,2757
MesoMazePath,3627,3629,2746,2748
MesoMazePath,3624,3626,2746,2748
MesoMazePath,3609,3611,2740,2742
MesoMazePath,3585,3587,2740,2742
MesoMazeStorage,3627,3632,2743,2748
MesoMazeStairCorridor,3627,3629,2749,2754
MesoMazePath,3624,3626,2743,2745
MesoMazePath,3627,3629,2755,2757
MesoMazePath,3618,3620,2746,2748
MesoMazePath,3594,3596,2755,2757
MesoMazePath,3618,3620,2755,2757
MesoMazeSpiderTurn,3612,3617,2752,2757
MesoMazeCorridorCollapse,3630,3632,2749,2754
MesoMazeCorridorCollapse,3597,3602,2755,2757
MesoMazePath,3618,3620,2749,2751
MesoMazePath,3594,3596,2755,2757
MesoMazePath,3630,3632,2755,2757
MesoMazePath,3618,3620,2752,2754
MesoMazePath,3630,3632,2746,2748
MesoMazePath,3612,3614,2749,2751
MesoMazePath,3615,3617,2749,2751
MesoMazePath,3603,3605,2755,2757
MesoMazePath,3603,3605,2755,2757
MesoMazePath,3627,3629,2755,2757
MesoMazeStairCorridor,3588,3593,2755,2757
MesoMazePath,3615,3617,2749,2751
MesoMazePath,3615,3617,2746,2748
MesoMazePath,3606,3608,2755,2757
MesoMazePath,3585,3587,2755,2757
MesoMazePath,3618,3620,2746,2748
MesoMazePath,3609,3611,2755,2757
MesoMazePath,3615,3617,2746,2748
MesoMazePath,3630,3632,2755,2757
MesoMazePagoda,3585,3632,2710,2757
StonePlantMound3,3618,3627,2653,2664
SmallAbandonedOutpost,3960,3982,2988,3018
RLCraft_DecentSpider,3986,3986,3025,3025
RLCraft_UndergroundRuin3,3983,3991,3019,3027
RLCraft_SmallUndergroundSkeleton,3978,3986,3037,3045
