RLCraft_BasicWitch,4067,4067,4513,4513
RLCraft_UndergroundRuin1,4061,4070,4507,4516
StoneLeafMound,4019,4026,4370,4379
StonePlantMound3,3972,3983,4229,4238
StoneLeafMound,4078,4087,4197,4204
StonePlantMound2,3949,3961,4234,4247
P_WitchDungeon,4043,4077,4187,4204
StonePlantMound2,3928,3941,4308,4320
StonePlantMound3,3915,3924,4211,4222
ClayWaterMound,3913,3920,4193,4201
StonePlantMound1,3915,3921,4318,4324
StoneMazePathBig,3893,3901,4373,4381
StoneMazeStudy,3872,3880,4418,4432
StoneMazeFountain,3905,3913,4424,4432
StoneMazePath,3914,3916,4427,4429
StoneMazeEndChest,3914,3916,4424,4426
StoneMazePath,3914,3916,4430,4432
StoneMazePath,3878,3880,4373,4375
StoneMazePath,3881,3883,4373,4375
StoneMazeStudy,3908,3922,4403,4411
StoneMazePath,3890,3892,4376,4378
StoneMazePath,3878,3880,4424,4426
StoneMazeEndChest,3878,3880,4376,4378
StoneMazePath,3881,3883,4376,4378
StoneMazePathBig,3878,3886,4379,4387
StoneMazeSpiderRoom,3872,3877,4373,4378
StoneMazePathBig,3914,3922,4382,4390
StoneMazeEndChest,3890,3892,4373,4375
StoneMazePath,3887,3889,4382,4384
StoneMazePathBig,3863,3871,4391,4399
StoneMazePath,3863,3865,4418,4420
StoneMazeFountain,3869,3877,4379,4387
StoneMazePath,3887,3889,4376,4378
StoneMazePath,3917,3919,4427,4429
StoneMazePathBig,3878,3886,4388,4396
StoneMazeEndChest,3884,3886,4376,4378
StoneMazePath,3866,3868,4388,4390
StoneMazePath,3890,3892,4379,4381
StoneMazePath,3887,3889,4373,4375
StoneMazePath,3872,3874,4388,4390
StoneMazePathBig,3878,3886,4397,4405
StoneMazePath,3866,3868,4382,4384
StoneMazeStudy,3863,3871,4400,4414
StoneMazeSpiderRoom,3899,3904,4427,4432
StoneMazePath,3866,3868,4385,4387
StoneMazePathBig,3887,3895,4388,4396
StoneMazePath,3875,3877,4400,4402
StoneMazePath,3914,3916,4403,4405
StoneMazeEndChest,3875,3877,4397,4399
StoneMazePath,3875,3877,4391,4393
StoneMazePath,3887,3889,4400,4402
StoneMazePath,3872,3874,4391,4393
StoneMazePath,3872,3874,4394,4396
StoneMazePath,3881,3883,4424,4426
StoneMazePath,3881,3883,4427,4429
StoneMazePath,3887,3889,4379,4381
StoneMazePathBig,3914,3922,4391,4399
StoneMazeEndChest,3875,3877,4394,4396
StoneMazePath,3917,3919,4379,4381
StoneMazePathBig,3890,3898,4397,4405
StoneMazePath,3863,3865,4382,4384
StoneMazePath,3896,3898,4391,4393
StoneMazePath,3917,3919,4430,4432
StoneMazePath,3881,3883,4430,4432
StoneMazeEndChest,3884,3886,4430,4432
StoneMazePathBig,3878,3886,4406,4414
StoneMazePathBig,3890,3898,4406,4414
StoneMazePath,3896,3898,4394,4396
StoneMazePath,3917,3919,4400,4402
StoneMazePath,3920,3922,4379,4381
StoneMazePath,3914,3916,4379,4381
StoneMazePath,3866,3868,4379,4381
StoneMazePath,3872,3874,4400,4402
StoneMazePath,3884,3886,4373,4375
StoneMazePath,3890,3892,4385,4387
StoneMazePath,3899,3901,4391,4393
StoneMazePath,3866,3868,4418,4420
StoneMazePath,3890,3892,4382,4384
StoneMazePath,3899,3901,4388,4390
StoneMazePath,3893,3895,4385,4387
StoneMazePath,3887,3889,4409,4411
StoneMazePath,3899,3901,4385,4387
StoneMazePath,3863,3865,4385,4387
StoneMazePath,3914,3916,4400,4402
StoneMazePath,3920,3922,4376,4378
StoneMazePath,3866,3868,4415,4417
StoneMazeEndChest,3887,3889,4385,4387
StoneMazeSpiderRoom,3863,3868,4373,4378
StoneMazePath,3881,3883,4421,4423
StoneMazePath,3899,3901,4382,4384
StoneMazePath,3887,3889,4406,4408
StoneMazeEndChest,3863,3865,4406,4408
StoneMazePath,3911,3913,4400,4402
StoneMazePath,3896,3898,4385,4387
StoneMazePath,3881,3883,4418,4420
StoneMazePath,3896,3898,4382,4384
StoneMazePath,3863,3865,4388,4390
StoneMazeEndChest,3863,3865,4379,4381
StoneMazePath,3866,3868,4421,4423
StoneMazePath,3920,3922,4373,4375
StoneMazePath,3869,3871,4421,4423
StoneMazePath,3899,3901,4394,4396
StoneMazePath,3911,3913,4379,4381
StoneMazeShootingRange,3902,3907,4379,4387
StoneMazePath,3863,3865,4421,4423
StoneMazePath,3896,3898,4388,4390
StoneMazePath,3899,3901,4400,4402
StoneMazeSpiderRoom,3899,3904,4403,4408
StoneMazePath,3884,3886,4421,4423
StoneMazePath,3881,3883,4415,4417
StoneMazePath,3902,3904,4400,4402
StoneMazeEndChest,3887,3889,4403,4405
StoneMazePath,3899,3901,4397,4399
StoneMazePath,3869,3871,4415,4417
StoneMazeSpiderRoom,3902,3907,4388,4393
StoneMazeEndChest,3863,3865,4415,4417
StoneMazePath,3908,3910,4400,4402
StoneMazePath,3893,3895,4382,4384
StoneMazePath,3884,3886,4418,4420
StoneMazePath,3863,3865,4424,4426
StoneMazePath,3911,3913,4376,4378
StoneMazePath,3872,3874,4415,4417
StoneMazePath,3875,3877,4415,4417
StoneMazeSpiderRoom,3908,3913,4382,4387
StoneMazePath,3869,3871,4418,4420
StoneMazeEndChest,3920,3922,4400,4402
StoneMazePath,3905,3907,4400,4402
StoneMazePath,3911,3913,4373,4375
StoneMazePath,3908,3910,4376,4378
StoneMazePath,3872,3874,4412,4414
StoneMazePath,3884,3886,4415,4417
StoneMazePathBig,3887,3895,4418,4426
StoneMazePath,3890,3892,4415,4417
StoneMazeEndChest,3875,3877,4412,4414
StoneMazePath,3872,3874,4409,4411
StoneMazePath,3914,3916,4373,4375
StoneMazeEndChest,3908,3910,4379,4381
StoneMazePath,3872,3874,4403,4405
StoneMazeEndChest,3908,3910,4373,4375
StoneMazePath,3884,3886,4424,4426
StoneMazePath,3875,3877,4409,4411
StoneMazePath,3914,3916,4376,4378
StoneMazePath,3866,3868,4424,4426
StoneMazePath,3869,3871,4424,4426
StoneMazeFountain,3896,3904,4418,4426
StoneMazePath,3872,3874,4406,4408
StoneMazePath,3920,3922,4430,4432
StoneMazeEndChest,3863,3865,4427,4429
StoneMazePath,3875,3877,4406,4408
StoneMazePath,3920,3922,4427,4429
StoneMazePath,3905,3907,4421,4423
StoneMazePath,3920,3922,4424,4426
StoneMazeEndChest,3887,3889,4412,4414
StoneMazePath,3917,3919,4373,4375
StoneMazePath,3917,3919,4376,4378
StoneMazePath,3899,3901,4415,4417
StoneMazeSpiderRoom,3908,3913,4418,4423
StoneMazePath,3908,3910,4397,4399
StoneMazePath,3899,3901,4412,4414
StoneMazeEndChest,3911,3913,4397,4399
StoneMazePath,3905,3907,4403,4405
StoneMazePath,3896,3898,4415,4417
StoneMazePath,3905,3907,4406,4408
StoneMazePath,3893,3895,4415,4417
StoneMazePath,3905,3907,4397,4399
StoneMazePath,3902,3904,4415,4417
StoneMazePath,3905,3907,4376,4378
StoneMazePath,3905,3907,4409,4411
StoneMazePath,3917,3919,4424,4426
StoneMazePath,3887,3889,4415,4417
StoneMazePath,3902,3904,4397,4399
StoneMazeEndChest,3902,3904,4394,4396
StoneMazePath,3905,3907,4415,4417
StoneMazePath,3905,3907,4418,4420
StoneMazePath,3902,3904,4376,4378
StoneMazeEndChest,3902,3904,4373,4375
StoneMazePath,3905,3907,4412,4414
StoneMazePath,3902,3904,4412,4414
StoneMazePath,3908,3910,4415,4417
StoneMazePath,3917,3919,4421,4423
StoneMazePath,3911,3913,4415,4417
StoneMazePath,3920,3922,4421,4423
StoneMazePath,3902,3904,4409,4411
StoneMazePath,3914,3916,4415,4417
StoneMazePath,3917,3919,4415,4417
StoneMazePath,3914,3916,4421,4423
StoneMazeEndChest,3917,3919,4412,4414
StoneMazePath,3917,3919,4418,4420
StoneMazePath,3914,3916,4418,4420
StoneMazePath,3920,3922,4415,4417
StoneMazeEndChest,3899,3901,4409,4411
StoneMazeEndChest,3920,3922,4418,4420
StoneMazeHuge,3863,3922,4373,4432
StonePlantMound3,3843,3854,4217,4226
RLCraft_SmallUndergroundSkeleton,3957,3965,4159,4167
ElvenPond,3939,3968,4147,4177
StoneLeafMound,4034,4043,4138,4145
StoneLeafMound,3765,3772,4105,4114
RLCraft_BasicWitch,4072,4072,4118,4118
RLCraft_UndergroundRuin1,4066,4075,4112,4121
ShrineSmallAir,3743,3751,4581,4589
RLCraft_UndergroundFarm,3578,3620,4539,4582
