RLCraft_DecentSpider,4578,4578,4364,4364
RLCraft_UndergroundRuin3,4576,4584,4361,4369
StonePlantMound4,4522,4529,4305,4312
RLCraft_BasicWitch,4498,4498,4556,4556
RLCraft_UndergroundRuin1,4492,4501,4550,4559
StonePlantMound,4475,4480,4294,4299
SeasonsGreenhouse,4396,4408,4584,4594
StoneMazeStudy,4379,4387,4570,4584
StoneMazePathBig,4403,4411,4594,4602
StoneMazePathBig,4394,4402,4594,4602
StoneMazePathBig,4364,4372,4591,4599
StoneMazeEndChest,4367,4369,4600,4602
StoneMazePathBig,4373,4381,4591,4599
StoneMazePath,4400,4402,4606,4608
StoneMazePath,4400,4402,4603,4605
StoneMazePath,4397,4399,4606,4608
StoneMazePath,4397,4399,4603,4605
StoneMazePath,4388,4390,4606,4608
StoneMazePath,4385,4387,4606,4608
StoneMazePath,4385,4387,4603,4605
StoneMazeSpiderRoom,4382,4387,4597,4602
StoneMazePath,4391,4393,4606,4608
StoneMazePath,4394,4396,4606,4608
StoneMazePath,4394,4396,4603,4605
StoneMazePath,4382,4384,4606,4608
StoneMazePath,4382,4384,4603,4605
StoneMazeEndChest,4403,4405,4606,4608
StoneMazePath,4391,4393,4603,4605
StoneMazePath,4379,4381,4603,4605
StoneMazePath,4382,4384,4594,4596
StoneMazePath,4367,4369,4588,4590
StoneMazePath,4391,4393,4600,4602
StoneMazePath,4391,4393,4597,4599
StoneMazePath,4388,4390,4597,4599
StoneMazeShootingRange,4370,4375,4582,4590
StoneMazePath,4376,4378,4588,4590
StoneMazePath,4379,4381,4576,4578
StoneMazePath,4388,4390,4603,4605
StoneMazePath,4379,4381,4588,4590
StoneMazePathBig,4385,4393,4588,4596
StoneMazeEndChest,4388,4390,4600,4602
StoneMazePath,4376,4378,4576,4578
StoneMazePath,4376,4378,4579,4581
StoneMazePath,4382,4384,4588,4590
StoneMazePath,4376,4378,4603,4605
StoneMazePath,4376,4378,4582,4584
StoneMazePath,4376,4378,4600,4602
StoneMazePath,4373,4375,4600,4602
StoneMazePath,4373,4375,4603,4605
StoneMazePath,4376,4378,4585,4587
StoneMazePath,4382,4384,4585,4587
StoneMazePath,4379,4381,4585,4587
StoneMazePath,4370,4372,4600,4602
StoneMazeEndChest,4382,4384,4591,4593
StoneMazePath,4373,4375,4606,4608
StoneMazePath,4370,4372,4603,4605
StoneMazePath,4385,4387,4585,4587
StoneMazePath,4370,4372,4606,4608
StoneMazePath,4388,4390,4585,4587
StoneMazePath,4388,4390,4582,4584
StoneMazePath,4388,4390,4579,4581
StoneMazePathBig,4391,4399,4576,4584
StoneMazeEndChest,4391,4393,4585,4587
StoneMazePathBig,4400,4408,4576,4584
StoneMazePathBig,4400,4408,4585,4593
StoneMazePath,4394,4396,4585,4587
StoneMazeSpiderRoom,4394,4399,4588,4593
StoneMazePath,4409,4411,4579,4581
StoneMazeSpiderRoom,4364,4369,4603,4608
StoneMazeEndChest,4397,4399,4585,4587
StoneMazePath,4409,4411,4576,4578
StoneMazePath,4403,4405,4573,4575
StoneMazePath,4406,4408,4573,4575
StoneMazePath,4400,4402,4573,4575
StoneMazePath,4409,4411,4573,4575
StoneMazePath,4403,4405,4570,4572
StoneMazePath,4406,4408,4570,4572
StoneMazePath,4409,4411,4570,4572
StoneMazePath,4400,4402,4570,4572
StoneMazeBig,4364,4411,4570,4617
RLCraft_UndergroundFarm,4267,4310,4550,4592
StonePlantMound2,4285,4298,4250,4262
StonePlantMound1,4323,4329,4252,4258
StonePlantMound3,4367,4378,4247,4256
StonePlantMound3,4253,4262,4358,4369
P_SmallShip,4240,4260,4525,4531
ShrineSmallFire,4238,4248,4517,4527
RLCraft_BasicZombie,4424,4424,4217,4217
RLCraft_UndergroundRuin1,4418,4427,4214,4223
StoneBoulder,4222,4231,4328,4337
StonePlantMound3,4184,4193,4323,4334
DinosaurSkull,4087,4106,4349,4360
